# Device: cuda 
# Device Name: GeForce GTX 860M 
# Total GPU memory: 2004.5 
,Patch Dimension,Full Image (100x100) Processing Time:
0,40.0,0.2910308837890624
1,41.0,0.2910308837890624
2,42.0,0.0753936767578112
3,43.0,0.0753936767578112
4,44.0,0.0753936767578112
5,45.0,0.0753936767578112
6,46.0,0.0753936767578112
7,47.0,0.0753936767578112
8,48.0,0.0753936767578112
9,49.0,0.0753936767578112
10,50.0,0.0753936767578112
11,51.0,0.0753936767578112
12,52.0,0.0753936767578112
13,53.0,0.0753936767578112
14,54.0,0.0753936767578112
15,55.0,0.0753936767578112
16,56.0,0.0753936767578112
17,57.0,0.0753936767578112
18,58.0,0.0753936767578112
19,59.0,0.0753936767578112
20,60.0,0.0753936767578112
21,61.0,0.0753936767578112
22,62.0,0.0204973220825192
23,63.0,0.0204973220825192
24,64.0,0.0204973220825192
25,65.0,0.0204973220825192
26,66.0,0.0204973220825192
27,67.0,0.0204973220825192
28,68.0,0.0204973220825192
29,69.0,0.0204973220825192
30,70.0,0.0204973220825192
31,71.0,0.0204973220825192
32,72.0,0.0204973220825192
33,73.0,0.0204973220825192
34,74.0,0.0204973220825192
35,75.0,0.0204973220825192
36,76.0,0.0204973220825192
37,77.0,0.0204973220825192
38,78.0,0.0204973220825192
39,79.0,0.0204973220825192
40,80.0,0.0204973220825192
41,81.0,0.0204973220825192
42,82.0,0.0204973220825192
43,83.0,0.0204973220825192
44,84.0,0.0204973220825192
45,85.0,0.0204973220825192
46,86.0,0.0204973220825192
47,87.0,0.0204973220825192
48,88.0,0.0204973220825192
49,89.0,0.0204973220825192
50,90.0,0.0204973220825192
51,91.0,0.0204973220825192
52,92.0,0.0204973220825192
53,93.0,0.0204973220825192
54,94.0,0.0204973220825192
55,95.0,0.0204973220825192
56,96.0,0.0204973220825192
57,97.0,0.0204973220825192
58,98.0,0.0204973220825192
59,99.0,0.0204973220825192
60,100.0,0.0204973220825192
