# Device: cuda 
# Device Name: GeForce GTX 860M 
# Total GPU memory: 2004.5 
,Dimension,Mean Time,Std Time,Mean Memory Used,Std Memory Used,Mean Memory Free,Std Memory Free
0,1,0.005423307418823242,0.0007035732269287109,742.0625,8.9375,1262.4375,8.9375
1,2,0.0041817426681518555,0.00010573863983154297,727.0625,0.0625,1277.4375,0.0625
2,3,0.005002856254577637,0.00015032291412353516,729.0625,0.0625,1275.4375,0.0625
3,4,0.004496932029724121,0.00016319751739501953,729.0625,0.0625,1275.4375,0.0625
4,5,0.004798412322998047,0.0001633167266845703,729.0625,0.0625,1275.4375,0.0625
5,6,0.004812479019165039,1.7642974853515625e-05,749.0625,0.0625,1255.4375,0.0625
6,7,0.00503695011138916,0.00018346309661865234,749.0625,0.0625,1255.4375,0.0625
7,8,0.004915952682495117,0.00013136863708496094,749.0625,0.0625,1255.4375,0.0625
8,9,0.00493776798248291,0.0001176595687866211,729.0625,0.0625,1275.4375,0.0625
9,10,0.004482269287109375,1.1920928955078125e-06,729.0625,0.0625,1275.4375,0.0625
10,11,0.005383610725402832,0.00015914440155029297,749.0625,0.0625,1255.4375,0.0625
11,12,0.00507044792175293,0.000461578369140625,749.0625,0.0625,1255.4375,0.0625
12,13,0.00510406494140625,4.57763671875e-05,749.0625,0.0625,1255.4375,0.0625
13,14,0.004631400108337402,0.00013697147369384766,749.0625,0.0625,1255.4375,0.0625
14,15,0.005259037017822266,0.00011754035949707031,751.0625,0.0625,1253.4375,0.0625
15,16,0.005117535591125488,0.0002473592758178711,751.0625,0.0625,1253.4375,0.0625
16,17,0.004989981651306152,0.00010478496551513672,749.0625,0.0625,1255.4375,0.0625
17,18,0.0045719146728515625,0.0001163482666015625,749.0625,0.0625,1255.4375,0.0625
18,19,0.005012392997741699,0.0001214742660522461,749.0625,0.0625,1255.4375,0.0625
19,20,0.005325198173522949,3.063678741455078e-05,749.0625,0.0625,1255.4375,0.0625
20,21,0.005309581756591797,0.0004451274871826172,749.0625,0.0625,1255.4375,0.0625
21,22,0.00507044792175293,0.00041294097900390625,749.0625,0.0625,1255.4375,0.0625
22,23,0.005267620086669922,0.0002491474151611328,749.0625,0.0625,1255.4375,0.0625
23,24,0.0047414302825927734,1.5497207641601562e-05,749.0625,0.0625,1255.4375,0.0625
24,25,0.005095839500427246,0.00026857852935791016,749.0625,0.0625,1255.4375,0.0625
25,26,0.005481362342834473,0.0008481740951538086,749.0625,0.0625,1255.4375,0.0625
26,27,0.004932284355163574,4.756450653076172e-05,749.0625,0.0625,1255.4375,0.0625
27,28,0.0053195953369140625,0.0007030963897705078,751.0625,0.0625,1253.4375,0.0625
28,29,0.004885315895080566,3.3020973205566406e-05,751.0625,0.0625,1253.4375,0.0625
29,30,0.004474997520446777,6.16312026977539e-05,751.0625,0.0625,1253.4375,0.0625
30,31,0.004917263984680176,2.2649765014648438e-06,751.0625,0.0625,1253.4375,0.0625
31,32,0.0045473575592041016,3.1948089599609375e-05,751.0625,0.0625,1253.4375,0.0625
32,33,0.00470888614654541,1.7762184143066406e-05,749.0625,0.0625,1255.4375,0.0625
33,34,0.004929661750793457,0.0003045797348022461,749.0625,0.0625,1255.4375,0.0625
34,35,0.00492405891418457,6.008148193359375e-05,749.0625,0.0625,1255.4375,0.0625
35,36,0.004446268081665039,1.3828277587890625e-05,749.0625,0.0625,1255.4375,0.0625
36,37,0.004786372184753418,2.753734588623047e-05,749.0625,0.0625,1255.4375,0.0625
37,38,0.0047789812088012695,5.3763389587402344e-05,751.0625,0.0625,1253.4375,0.0625
38,39,0.005385398864746094,3.528594970703125e-05,751.0625,0.0625,1253.4375,0.0625
39,40,0.004712104797363281,1.811981201171875e-05,751.0625,0.0625,1253.4375,0.0625
40,41,0.005174517631530762,0.00010669231414794922,751.0625,0.0625,1253.4375,0.0625
41,42,0.004968881607055664,6.079673767089844e-05,751.0625,0.0625,1253.4375,0.0625
42,43,0.004824519157409668,3.1828880310058594e-05,751.0625,0.0625,1253.4375,0.0625
43,44,0.004568934440612793,0.00013196468353271484,751.0625,0.0625,1253.4375,0.0625
44,45,0.0050351619720458984,0.00016069412231445312,751.0625,0.0625,1253.4375,0.0625
45,46,0.004730701446533203,8.606910705566406e-05,771.0625,0.0625,1233.4375,0.0625
46,47,0.004968523979187012,0.00010502338409423828,771.0625,0.0625,1233.4375,0.0625
47,48,0.005035519599914551,0.00020992755889892578,771.0625,0.0625,1233.4375,0.0625
48,49,0.005151867866516113,0.0001119375228881836,771.0625,0.0625,1233.4375,0.0625
49,50,0.005110263824462891,0.0005011558532714844,771.0625,0.0625,1233.4375,0.0625
50,51,0.005212068557739258,0.00011682510375976562,763.0625,0.0625,1241.4375,0.0625
51,52,0.0047920942306518555,5.233287811279297e-05,763.0625,0.0625,1241.4375,0.0625
52,53,0.005202651023864746,5.638599395751953e-05,765.0625,0.0625,1239.4375,0.0625
53,54,0.005286455154418945,4.1961669921875e-05,765.0625,0.0625,1239.4375,0.0625
54,55,0.0050612688064575195,0.00010597705841064453,765.0625,0.0625,1239.4375,0.0625
55,56,0.004813075065612793,6.592273712158203e-05,767.0625,0.0625,1237.4375,0.0625
56,57,0.005285739898681641,0.000270843505859375,767.0625,0.0625,1237.4375,0.0625
57,58,0.004664778709411621,6.663799285888672e-05,767.0625,0.0625,1237.4375,0.0625
58,59,0.005518317222595215,6.258487701416016e-05,767.0625,0.0625,1237.4375,0.0625
59,60,0.005124330520629883,5.2928924560546875e-05,769.0625,0.0625,1235.4375,0.0625
60,61,0.005430817604064941,0.00018203258514404297,769.0625,0.0625,1235.4375,0.0625
61,62,0.005031228065490723,9.655952453613281e-06,769.0625,0.0625,1235.4375,0.0625
62,63,0.005222439765930176,0.0004101991653442383,769.0625,0.0625,1235.4375,0.0625
63,64,0.005119204521179199,4.0411949157714844e-05,769.0625,0.0625,1235.4375,0.0625
64,65,0.004733681678771973,7.236003875732422e-05,769.0625,0.0625,1235.4375,0.0625
65,66,0.005409717559814453,0.0004220008850097656,769.0625,0.0625,1235.4375,0.0625
66,67,0.004817962646484375,0.00010848045349121094,769.0625,0.0625,1235.4375,0.0625
67,68,0.005405306816101074,5.5670738220214844e-05,791.0625,0.0625,1213.4375,0.0625
68,69,0.004996895790100098,6.079673767089844e-06,791.0625,0.0625,1213.4375,0.0625
69,70,0.004752993583679199,2.586841583251953e-05,791.0625,0.0625,1213.4375,0.0625
70,71,0.005287289619445801,0.00017845630645751953,791.0625,0.0625,1213.4375,0.0625
71,72,0.00484919548034668,9.870529174804688e-05,795.0625,0.0625,1209.4375,0.0625
72,73,0.005777120590209961,0.00034332275390625,795.0625,0.0625,1209.4375,0.0625
73,74,0.004613995552062988,1.0728836059570312e-06,793.0625,0.0625,1211.4375,0.0625
74,75,0.005241870880126953,3.5762786865234375e-06,793.0625,0.0625,1211.4375,0.0625
75,76,0.00532984733581543,0.0006699562072753906,797.0625,0.0625,1207.4375,0.0625
76,77,0.005626201629638672,0.0004413127899169922,797.0625,0.0625,1207.4375,0.0625
77,78,0.004689335823059082,2.753734588623047e-05,797.0625,0.0625,1207.4375,0.0625
78,79,0.0051920413970947266,0.0002460479736328125,801.0625,0.0625,1203.4375,0.0625
79,80,0.005960941314697266,0.0011453628540039062,801.0625,0.0625,1203.4375,0.0625
80,81,0.004956841468811035,5.233287811279297e-05,801.0625,0.0625,1203.4375,0.0625
81,82,0.004774928092956543,0.00012195110321044922,805.0625,0.0625,1199.4375,0.0625
82,83,0.005571722984313965,0.0003396272659301758,805.0625,0.0625,1199.4375,0.0625
83,84,0.004697442054748535,3.063678741455078e-05,805.0625,0.0625,1199.4375,0.0625
84,85,0.005199432373046875,3.266334533691406e-05,829.0625,0.0625,1175.4375,0.0625
85,86,0.005160808563232422,0.0002243518829345703,829.0625,0.0625,1175.4375,0.0625
86,87,0.005502820014953613,3.4928321838378906e-05,829.0625,0.0625,1175.4375,0.0625
87,88,0.005143284797668457,7.49826431274414e-05,833.0625,0.0625,1171.4375,0.0625
88,89,0.005322933197021484,0.00020432472229003906,833.0625,0.0625,1171.4375,0.0625
89,90,0.005183219909667969,4.601478576660156e-05,833.0625,0.0625,1171.4375,0.0625
90,91,0.006013393402099609,0.0003705024719238281,837.0625,0.0625,1167.4375,0.0625
91,92,0.005131959915161133,6.604194641113281e-05,837.0625,0.0625,1167.4375,0.0625
92,93,0.005852222442626953,0.00022530555725097656,837.0625,0.0625,1167.4375,0.0625
93,94,0.005279064178466797,8.20159912109375e-05,841.0625,0.0625,1163.4375,0.0625
94,95,0.005656719207763672,4.029273986816406e-05,841.0625,0.0625,1163.4375,0.0625
95,96,0.0053136348724365234,0.00013566017150878906,841.0625,0.0625,1163.4375,0.0625
96,97,0.006439566612243652,0.00022113323211669922,845.0625,0.0625,1159.4375,0.0625
97,98,0.005378007888793945,2.574920654296875e-05,845.0625,0.0625,1159.4375,0.0625
98,99,0.005182862281799316,0.0002359151840209961,849.0625,0.0625,1155.4375,0.0625
99,100,0.00512540340423584,4.494190216064453e-05,849.0625,0.0625,1155.4375,0.0625
100,101,0.0052835941314697266,0.0002574920654296875,849.0625,0.0625,1155.4375,0.0625
101,102,0.004997611045837402,3.3736228942871094e-05,845.0625,0.0625,1159.4375,0.0625
102,103,0.005334258079528809,0.00032842159271240234,845.0625,0.0625,1159.4375,0.0625
103,104,0.0054128170013427734,0.0002982616424560547,849.0625,0.0625,1155.4375,0.0625
104,105,0.00569307804107666,0.0001055002212524414,861.0625,0.0625,1143.4375,0.0625
105,106,0.005744218826293945,0.00016498565673828125,861.0625,0.0625,1143.4375,0.0625
106,107,0.00532984733581543,0.00010061264038085938,861.0625,0.0625,1143.4375,0.0625
107,108,0.0057718753814697266,0.0001246929168701172,865.0625,0.0625,1139.4375,0.0625
108,109,0.00553286075592041,0.00014889240264892578,869.0625,0.0625,1135.4375,0.0625
109,110,0.005403399467468262,0.00014889240264892578,865.0625,0.0625,1139.4375,0.0625
110,111,0.005723476409912109,1.5497207641601562e-05,877.0625,0.0625,1127.4375,0.0625
111,112,0.006000995635986328,0.00029659271240234375,877.0625,0.0625,1127.4375,0.0625
112,113,0.006048083305358887,0.0004521608352661133,877.0625,0.0625,1127.4375,0.0625
113,114,0.005766868591308594,0.00022172927856445312,881.0625,0.0625,1123.4375,0.0625
114,115,0.005558967590332031,6.008148193359375e-05,881.0625,0.0625,1123.4375,0.0625
115,116,0.006155729293823242,3.743171691894531e-05,885.0625,0.0625,1119.4375,0.0625
116,117,0.006039738655090332,0.0005203485488891602,885.0625,0.0625,1119.4375,0.0625
117,118,0.005606412887573242,9.059906005859375e-05,889.0625,0.0625,1115.4375,0.0625
118,119,0.006088733673095703,0.0005152225494384766,889.0625,0.0625,1115.4375,0.0625
119,120,0.00623476505279541,0.0005475282669067383,897.1875,0.1875,1107.3125,0.1875
120,121,0.005868077278137207,7.927417755126953e-05,901.1875,0.1875,1103.3125,0.1875
121,122,0.005692720413208008,0.00015044212341308594,905.1875,0.1875,1099.3125,0.1875
122,123,0.005329489707946777,0.00038611888885498047,901.1875,0.1875,1103.3125,0.1875
123,124,0.0052345991134643555,8.07046890258789e-05,909.1875,0.1875,1095.3125,0.1875
124,125,0.005168318748474121,0.0001569986343383789,909.1875,0.1875,1095.3125,0.1875
125,126,0.005015850067138672,0.00012564659118652344,909.1875,0.1875,1095.3125,0.1875
126,127,0.005138039588928223,0.00014507770538330078,913.1875,0.1875,1091.3125,0.1875
127,128,0.005022287368774414,1.430511474609375e-06,913.1875,0.1875,1091.3125,0.1875
128,129,0.00516200065612793,0.00011730194091796875,919.1875,0.1875,1085.3125,0.1875
129,130,0.005138874053955078,0.00014090538024902344,923.1875,0.1875,1081.3125,0.1875
130,131,0.005187034606933594,0.00014710426330566406,923.1875,0.1875,1081.3125,0.1875
131,132,0.0052945613861083984,1.0251998901367188e-05,927.1875,0.1875,1077.3125,0.1875
132,133,0.005297064781188965,0.00024640560150146484,927.1875,0.1875,1077.3125,0.1875
133,134,0.005767941474914551,0.00025975704193115234,931.1875,0.1875,1073.3125,0.1875
134,135,0.005083918571472168,4.887580871582031e-06,931.1875,0.1875,1073.3125,0.1875
135,136,0.0050661563873291016,6.67572021484375e-06,937.1875,0.1875,1067.3125,0.1875
136,137,0.005092978477478027,1.704692840576172e-05,937.1875,0.1875,1067.3125,0.1875
137,138,0.005751967430114746,0.0006879568099975586,941.1875,0.1875,1063.3125,0.1875
138,139,0.005374312400817871,0.00022923946380615234,941.1875,0.1875,1063.3125,0.1875
139,140,0.005180239677429199,8.52346420288086e-05,945.1875,0.1875,1059.3125,0.1875
140,141,0.005444884300231934,0.00014531612396240234,945.1875,0.1875,1059.3125,0.1875
141,142,0.005328774452209473,0.00024688243865966797,949.1875,0.1875,1055.3125,0.1875
142,143,0.005292534828186035,0.00017535686492919922,949.1875,0.1875,1055.3125,0.1875
143,144,0.005473494529724121,0.0001596212387084961,977.1875,0.1875,1027.3125,0.1875
144,145,0.0055484771728515625,0.00010824203491210938,981.1875,0.1875,1023.3125,0.1875
145,146,0.005425691604614258,9.703636169433594e-05,981.1875,0.1875,1023.3125,0.1875
146,147,0.006060004234313965,0.0004917383193969727,985.1875,0.1875,1019.3125,0.1875
147,148,0.0059664249420166016,0.0002598762512207031,985.1875,0.1875,1019.3125,0.1875
148,149,0.005481123924255371,7.665157318115234e-05,989.1875,0.1875,1015.3125,0.1875
149,150,0.005682945251464844,0.00021409988403320312,989.1875,0.1875,1015.3125,0.1875
150,151,0.0057076215744018555,0.00020015239715576172,997.1875,0.1875,1007.3125,0.1875
151,152,0.005400419235229492,0.00014448165893554688,1001.1875,0.1875,1003.3125,0.1875
152,153,0.005447030067443848,5.841255187988281e-06,1001.1875,0.1875,1003.3125,0.1875
153,154,0.005619406700134277,0.0002790689468383789,1005.1875,0.1875,999.3125,0.1875
154,155,0.005424976348876953,0.00010991096496582031,1005.1875,0.1875,999.3125,0.1875
155,156,0.005640149116516113,0.00032150745391845703,1009.1875,0.1875,995.3125,0.1875
156,157,0.005620837211608887,0.0002206563949584961,1017.1875,0.1875,987.3125,0.1875
157,158,0.005486726760864258,0.0001392364501953125,1017.1875,0.1875,987.3125,0.1875
158,159,0.005546450614929199,0.0001367330551147461,1021.1875,0.1875,983.3125,0.1875
159,160,0.005550384521484375,0.00014543533325195312,1021.1875,0.1875,983.3125,0.1875
160,161,0.005896091461181641,2.9802322387695312e-05,1025.1875,0.1875,979.3125,0.1875
161,162,0.005491852760314941,6.592273712158203e-05,1029.1875,0.1875,975.3125,0.1875
162,163,0.0072432756423950195,0.001686692237854004,1029.1875,0.1875,975.3125,0.1875
163,164,0.005976676940917969,7.152557373046875e-07,1037.1875,0.1875,967.3125,0.1875
164,165,0.005933046340942383,0.00029277801513671875,1041.1875,0.1875,963.3125,0.1875
165,166,0.005874156951904297,4.0531158447265625e-06,1061.1875,0.1875,943.3125,0.1875
166,167,0.005914449691772461,3.600120544433594e-05,1065.1875,0.1875,939.3125,0.1875
167,168,0.005773305892944336,7.867813110351562e-06,1069.1875,0.1875,935.3125,0.1875
168,169,0.005783438682556152,0.0002015829086303711,1069.1875,0.1875,935.3125,0.1875
169,170,0.00634610652923584,2.777576446533203e-05,1077.1875,0.1875,927.3125,0.1875
170,171,0.005756497383117676,7.808208465576172e-05,1081.1875,0.1875,923.3125,0.1875
171,172,0.005836367607116699,0.0001646280288696289,1081.1875,0.1875,923.3125,0.1875
172,173,0.006107687950134277,0.0005031824111938477,1085.1875,0.1875,919.3125,0.1875
173,174,0.006019115447998047,0.00031185150146484375,1089.1875,0.1875,915.3125,0.1875
174,175,0.005649685859680176,4.172325134277344e-06,1089.1875,0.1875,915.3125,0.1875
175,176,0.005749940872192383,0.0001304149627685547,1097.1875,0.1875,907.3125,0.1875
176,177,0.005811333656311035,0.00012052059173583984,1101.1875,0.1875,903.3125,0.1875
177,178,0.007150530815124512,0.0012074708938598633,1101.1875,0.1875,903.3125,0.1875
178,179,0.005836129188537598,7.76052474975586e-05,1105.1875,0.1875,899.3125,0.1875
179,180,0.006208658218383789,0.00042128562927246094,1109.1875,0.1875,895.3125,0.1875
180,181,0.006003737449645996,0.00011098384857177734,1109.1875,0.1875,895.3125,0.1875
181,182,0.005874276161193848,4.398822784423828e-05,1117.1875,0.1875,887.3125,0.1875
182,183,0.005826592445373535,0.00012004375457763672,1121.1875,0.1875,883.3125,0.1875
183,184,0.007134199142456055,0.0013823509216308594,1125.1875,0.1875,879.3125,0.1875
184,185,0.005950570106506348,0.00014150142669677734,1125.1875,0.1875,879.3125,0.1875
185,186,0.005888700485229492,8.106231689453125e-05,1129.1875,0.1875,875.3125,0.1875
186,187,0.00590205192565918,0.00010514259338378906,1137.1875,0.1875,867.3125,0.1875
187,188,0.006321907043457031,0.00019073486328125,1141.1875,0.1875,863.3125,0.1875
188,189,0.005940914154052734,0.0001614093780517578,1141.1875,0.1875,863.3125,0.1875
189,190,0.005852818489074707,0.00010287761688232422,1145.1875,0.1875,859.3125,0.1875
190,191,0.006167888641357422,0.0004024505615234375,1149.4375,0.0625,855.0625,0.0625
191,192,0.0060062408447265625,0.00023794174194335938,1149.4375,0.0625,855.0625,0.0625
192,193,0.006415963172912598,0.00042760372161865234,1157.0625,0.3125,847.4375,0.3125
193,194,0.00641179084777832,0.0005881786346435547,1161.0625,0.3125,843.4375,0.3125
194,195,0.005936145782470703,0.00010967254638671875,1165.0625,0.3125,839.4375,0.3125
195,196,0.0059931278228759766,0.00014662742614746094,1169.0625,0.3125,835.4375,0.3125
196,197,0.0060291290283203125,0.00012564659118652344,1169.0625,0.3125,835.4375,0.3125
197,198,0.007722377777099609,0.001928091049194336,1177.0625,0.3125,827.4375,0.3125
198,199,0.005964398384094238,0.00012195110321044922,1181.0625,0.3125,823.4375,0.3125
199,200,0.006211042404174805,0.00029540061950683594,1185.0625,0.3125,819.4375,0.3125
200,201,0.006653189659118652,0.0005065202713012695,1185.0625,0.3125,819.4375,0.3125
201,202,0.005972385406494141,0.0001811981201171875,1189.0625,0.3125,815.4375,0.3125
202,203,0.006720185279846191,0.00018727779388427734,1193.0625,0.3125,811.4375,0.3125
203,204,0.006426811218261719,5.1975250244140625e-05,1201.0625,0.3125,803.4375,0.3125
204,205,0.008187651634216309,0.0015908479690551758,1205.0625,0.3125,799.4375,0.3125
205,206,0.006909489631652832,0.00035011768341064453,1205.0625,0.3125,799.4375,0.3125
206,207,0.00650334358215332,6.747245788574219e-05,1209.0625,0.3125,795.4375,0.3125
207,208,0.00707089900970459,0.0005654096603393555,1217.0625,0.3125,787.4375,0.3125
208,209,0.006731986999511719,0.00012302398681640625,1221.0625,0.3125,783.4375,0.3125
209,210,0.007148385047912598,0.0005625486373901367,1225.0625,0.3125,779.4375,0.3125
210,211,0.006526947021484375,4.553794860839844e-05,1225.0625,0.3125,779.4375,0.3125
211,212,0.007130742073059082,0.00034296512603759766,1229.0625,0.3125,775.4375,0.3125
212,213,0.006556272506713867,0.0001480579376220703,1237.1875,0.4375,767.3125,0.4375
213,214,0.007279634475708008,0.00044035911560058594,1241.1875,0.4375,763.3125,0.4375
214,215,0.007996797561645508,0.0017957687377929688,1245.25,0.5,759.25,0.5
215,216,0.0062885284423828125,5.793571472167969e-05,1249.25,0.5,755.25,0.5
216,217,0.006309628486633301,3.5762786865234375e-07,1249.25,0.5,755.25,0.5
217,218,0.006464719772338867,0.00012540817260742188,1257.25,0.5,747.25,0.5
218,219,0.006439208984375,3.790855407714844e-05,1261.25,0.5,743.25,0.5
219,220,0.007573127746582031,0.0011281967163085938,1265.25,0.5,739.25,0.5
220,221,0.006945490837097168,0.0003153085708618164,1269.25,0.5,735.25,0.5
221,222,0.00670015811920166,7.11679458618164e-05,1285.25,0.5,719.25,0.5
222,223,0.007148861885070801,0.0002321004867553711,1291.25,0.5,713.25,0.5
223,224,0.006548285484313965,0.00017511844635009766,1291.25,0.5,713.25,0.5
224,225,0.007415294647216797,6.389617919921875e-05,1295.25,0.5,709.25,0.5
225,226,0.007081151008605957,0.0003584623336791992,1299.125,0.375,705.375,0.375
226,227,0.007045388221740723,0.0002378225326538086,1307.125,0.375,697.375,0.375
227,228,0.0072678327560424805,0.0003706216812133789,1311.125,0.375,693.375,0.375
228,229,0.007239937782287598,0.00047600269317626953,1315.125,0.375,689.375,0.375
229,230,0.006802558898925781,4.00543212890625e-05,1319.125,0.375,685.375,0.375
230,231,0.0065305233001708984,0.00019860267639160156,1327.125,0.375,677.375,0.375
231,232,0.006735801696777344,0.00013709068298339844,1330.75,0.0,673.75,0.0
232,233,0.006972312927246094,0.0003540515899658203,1334.75,0.0,669.75,0.0
233,234,0.006729006767272949,7.927417755126953e-05,1334.75,0.0,669.75,0.0
234,235,0.007689833641052246,0.0006583929061889648,1338.75,0.0,665.75,0.0
235,236,0.006354570388793945,3.814697265625e-06,1346.75,0.0,657.75,0.0
236,237,0.006847381591796875,0.0004858970642089844,1350.75,0.0,653.75,0.0
237,238,0.006403923034667969,1.3589859008789062e-05,1354.75,0.0,649.75,0.0
238,239,0.007109165191650391,0.0002028942108154297,1358.75,0.0,645.75,0.0
239,240,0.007153511047363281,0.0007009506225585938,1374.75,0.0,629.75,0.0
240,241,0.0066640377044677734,0.00019288063049316406,1380.75,0.0,623.75,0.0
241,242,0.006794571876525879,0.0003286600112915039,1384.75,0.0,619.75,0.0
242,243,0.006917595863342285,3.3736228942871094e-05,1388.75,0.0,615.75,0.0
243,244,0.006800413131713867,2.7894973754882812e-05,1396.75,0.0,607.75,0.0
244,245,0.007201552391052246,0.00023424625396728516,1400.75,0.0,603.75,0.0
245,246,0.0068874359130859375,0.00022077560424804688,1404.75,0.0,599.75,0.0
246,247,0.006827235221862793,0.00023043155670166016,1408.75,0.0,595.75,0.0
247,248,0.00767064094543457,0.0011532306671142578,1416.75,0.0,587.75,0.0
248,249,0.008418798446655273,0.001390218734741211,1420.75,0.0,583.75,0.0
249,250,0.006738781929016113,0.00015652179718017578,1424.75,0.0,579.75,0.0
250,251,0.0073642730712890625,0.0003261566162109375,1428.75,0.0,575.75,0.0
251,252,0.008049607276916504,0.00013172626495361328,1436.75,0.0,567.75,0.0
252,253,0.007620096206665039,0.0009849071502685547,1440.75,0.0,563.75,0.0
253,254,0.007634282112121582,0.0006386041641235352,1444.75,0.0,559.75,0.0
254,255,0.0071114301681518555,4.208087921142578e-05,1448.75,0.0,555.75,0.0
255,256,0.0068503618240356445,0.00016987323760986328,1448.75,0.0,555.75,0.0
256,257,0.008225679397583008,0.0004582405090332031,1468.75,0.0,535.75,0.0
257,258,0.0074585676193237305,0.00020062923431396484,1474.75,0.0,529.75,0.0
258,259,0.007124423980712891,0.00016427040100097656,1478.75,0.0,525.75,0.0
259,260,0.008120536804199219,0.0009138584136962891,1486.75,0.0,517.75,0.0
260,261,0.008119463920593262,0.0009003877639770508,1490.75,0.0,513.75,0.0
261,262,0.007158398628234863,1.1086463928222656e-05,1494.75,0.0,509.75,0.0
262,263,0.0071059465408325195,2.2292137145996094e-05,1498.75,0.0,505.75,0.0
263,264,0.007126927375793457,2.682209014892578e-05,1506.75,0.0,497.75,0.0
264,265,0.007860660552978516,0.0006031990051269531,1512.75,0.0,491.75,0.0
265,266,0.007852554321289062,0.0007767677307128906,1516.875,0.125,487.625,0.125
266,267,0.007210731506347656,2.765655517578125e-05,1520.875,0.125,483.625,0.125
267,268,0.007207036018371582,0.0001226663589477539,1528.875,0.125,475.625,0.125
268,269,0.0078084468841552734,0.0001513957977294922,1532.875,0.125,471.625,0.125
269,270,0.00724029541015625,7.152557373046875e-05,1536.875,0.125,467.625,0.125
270,271,0.007097601890563965,8.547306060791016e-05,1540.875,0.125,463.625,0.125
271,272,0.007239103317260742,0.00012302398681640625,1556.875,0.125,447.625,0.125
272,273,0.007089376449584961,7.486343383789062e-05,1562.875,0.125,441.625,0.125
273,274,0.007264375686645508,0.00036144256591796875,1566.875,0.125,437.625,0.125
274,275,0.007242441177368164,0.000301361083984375,1570.875,0.125,433.625,0.125
275,276,0.007256507873535156,0.00024700164794921875,1578.875,0.125,425.625,0.125
276,277,0.007052063941955566,0.0001856088638305664,1582.875,0.125,421.625,0.125
277,278,0.007389187812805176,0.00044786930084228516,1586.875,0.125,417.625,0.125
278,279,0.007155656814575195,0.0001842975616455078,1598.875,0.125,405.625,0.125
279,280,0.0072296857833862305,0.00015270709991455078,1602.875,0.125,401.625,0.125
280,281,0.007573127746582031,0.0005209445953369141,1606.875,0.125,397.625,0.125
281,282,0.007253885269165039,0.00032973289489746094,1610.875,0.125,393.625,0.125
282,283,0.007336139678955078,0.00040721893310546875,1618.875,0.125,385.625,0.125
283,284,0.007071375846862793,0.00011098384857177734,1622.875,0.125,381.625,0.125
284,285,0.0071756839752197266,0.0002586841583251953,1626.875,0.125,377.625,0.125
285,286,0.007389426231384277,0.0002442598342895508,1630.875,0.125,373.625,0.125
286,287,0.007277250289916992,0.00021529197692871094,1646.875,0.125,357.625,0.125
287,288,0.007708549499511719,0.0006422996520996094,1652.875,0.125,351.625,0.125
288,289,0.007203817367553711,0.00015664100646972656,1660.875,0.125,343.625,0.125
289,290,0.007111668586730957,0.00013649463653564453,1668.875,0.125,335.625,0.125
290,291,0.00725245475769043,0.0002720355987548828,1673.0,0.0,331.5,0.0
291,292,0.007483363151550293,0.00048553943634033203,1677.0,0.0,327.5,0.0
292,293,0.008341193199157715,0.0006591081619262695,1681.0,0.0,323.5,0.0
293,294,0.00824439525604248,0.00041043758392333984,1689.0,0.0,315.5,0.0
