cudaGeForce GTX 860M2004.5,Patch Dimension,Full Image (100x100) Processing Time:
0,40.0,0.2986373901367168
1,41.0,0.2986373901367168
2,42.0,0.0729866027832016
3,43.0,0.0729866027832016
4,44.0,0.0729866027832016
5,45.0,0.0729866027832016
6,46.0,0.0729866027832016
7,47.0,0.0729866027832016
8,48.0,0.0729866027832016
9,49.0,0.0729866027832016
10,50.0,0.0729866027832016
11,51.0,0.0729866027832016
12,52.0,0.0729866027832016
13,53.0,0.0729866027832016
14,54.0,0.0729866027832016
15,55.0,0.0729866027832016
16,56.0,0.0729866027832016
17,57.0,0.0729866027832016
18,58.0,0.0729866027832016
19,59.0,0.0729866027832016
20,60.0,0.0729866027832016
21,61.0,0.0729866027832016
22,62.0,0.0200958251953124
23,63.0,0.0200958251953124
24,64.0,0.0200958251953124
25,65.0,0.0200958251953124
26,66.0,0.0200958251953124
27,67.0,0.0200958251953124
28,68.0,0.0200958251953124
29,69.0,0.0200958251953124
30,70.0,0.0200958251953124
31,71.0,0.0200958251953124
32,72.0,0.0200958251953124
33,73.0,0.0200958251953124
34,74.0,0.0200958251953124
35,75.0,0.0200958251953124
36,76.0,0.0200958251953124
37,77.0,0.0200958251953124
38,78.0,0.0200958251953124
39,79.0,0.0200958251953124
40,80.0,0.0200958251953124
41,81.0,0.0200958251953124
42,82.0,0.0200958251953124
43,83.0,0.0200958251953124
44,84.0,0.0200958251953124
45,85.0,0.0200958251953124
46,86.0,0.0200958251953124
47,87.0,0.0200958251953124
48,88.0,0.0200958251953124
49,89.0,0.0200958251953124
50,90.0,0.0200958251953124
51,91.0,0.0200958251953124
52,92.0,0.0200958251953124
53,93.0,0.0200958251953124
54,94.0,0.0200958251953124
55,95.0,0.0200958251953124
56,96.0,0.0200958251953124
57,97.0,0.0200958251953124
58,98.0,0.0200958251953124
59,99.0,0.0200958251953124
60,100.0,0.0200958251953124
