# Device: cuda 
# Device Name: GeForce GTX 860M 
# Total GPU memory: 2004.5 
,Dimension,Mean Time,Std Time,Mean Memory Used,Std Memory Used,Mean Memory Free,Std Memory Free
0,1,0.005243659019470215,0.0002511739730834961,739.1875,8.8125,1265.3125,8.8125
1,2,0.004762530326843262,0.0005224943161010742,724.1875,0.1875,1280.3125,0.1875
2,3,0.00500178337097168,0.0003478527069091797,726.1875,0.1875,1278.3125,0.1875
3,4,0.0057561397552490234,0.000926971435546875,726.1875,0.1875,1278.3125,0.1875
4,5,0.004972338676452637,0.00010836124420166016,726.1875,0.1875,1278.3125,0.1875
5,6,0.006114482879638672,0.0013153553009033203,746.1875,0.1875,1258.3125,0.1875
6,7,0.006556153297424316,0.001532435417175293,746.1875,0.1875,1258.3125,0.1875
7,8,0.005851268768310547,0.0010614395141601562,746.1875,0.1875,1258.3125,0.1875
8,9,0.004755735397338867,6.341934204101562e-05,726.1875,0.1875,1278.3125,0.1875
9,10,0.004682183265686035,0.00019252300262451172,726.1875,0.1875,1278.3125,0.1875
10,11,0.005009055137634277,8.690357208251953e-05,746.1875,0.1875,1258.3125,0.1875
11,12,0.005858659744262695,0.0009377002716064453,746.1875,0.1875,1258.3125,0.1875
12,13,0.005280494689941406,5.53131103515625e-05,746.1875,0.1875,1258.3125,0.1875
13,14,0.006494641304016113,0.00026166439056396484,746.1875,0.1875,1258.3125,0.1875
14,15,0.005687236785888672,7.891654968261719e-05,748.1875,0.1875,1256.3125,0.1875
15,16,0.005445957183837891,0.0002601146697998047,748.1875,0.1875,1256.3125,0.1875
16,17,0.005289554595947266,0.0005748271942138672,746.1875,0.1875,1258.3125,0.1875
17,18,0.005681037902832031,0.0012192726135253906,746.1875,0.1875,1258.3125,0.1875
18,19,0.006503105163574219,0.0004456043243408203,746.1875,0.1875,1258.3125,0.1875
19,20,0.005010366439819336,0.0003275871276855469,746.1875,0.1875,1258.3125,0.1875
20,21,0.005167365074157715,0.00010883808135986328,746.1875,0.1875,1258.3125,0.1875
21,22,0.00468754768371582,5.888938903808594e-05,746.1875,0.1875,1258.3125,0.1875
22,23,0.0049228668212890625,7.414817810058594e-05,746.1875,0.1875,1258.3125,0.1875
23,24,0.004631161689758301,9.179115295410156e-06,746.1875,0.1875,1258.3125,0.1875
24,25,0.004894733428955078,1.1920928955078125e-06,746.1875,0.1875,1258.3125,0.1875
25,26,0.004779934883117676,6.210803985595703e-05,746.1875,0.1875,1258.3125,0.1875
26,27,0.005606651306152344,5.2928924560546875e-05,746.3125,0.3125,1258.1875,0.3125
27,28,0.004771113395690918,2.6106834411621094e-05,748.3125,0.3125,1256.1875,0.3125
28,29,0.005177855491638184,0.0003801584243774414,748.3125,0.3125,1256.1875,0.3125
29,30,0.0046471357345581055,2.968311309814453e-05,748.3125,0.3125,1256.1875,0.3125
30,31,0.005062103271484375,0.00014853477478027344,748.3125,0.3125,1256.1875,0.3125
31,32,0.0046662092208862305,5.328655242919922e-05,748.3125,0.3125,1256.1875,0.3125
32,33,0.00488436222076416,3.8743019104003906e-05,746.3125,0.3125,1258.1875,0.3125
33,34,0.004477977752685547,1.7404556274414062e-05,746.3125,0.3125,1258.1875,0.3125
34,35,0.004951000213623047,0.0002727508544921875,746.3125,0.3125,1258.1875,0.3125
35,36,0.004387617111206055,4.8160552978515625e-05,746.3125,0.3125,1258.1875,0.3125
36,37,0.005368947982788086,0.00023937225341796875,746.3125,0.3125,1258.1875,0.3125
37,38,0.004951119422912598,0.00023949146270751953,748.3125,0.3125,1256.1875,0.3125
38,39,0.004935026168823242,3.457069396972656e-05,748.3125,0.3125,1256.1875,0.3125
39,40,0.004561662673950195,0.00011014938354492188,748.3125,0.3125,1256.1875,0.3125
40,41,0.005580544471740723,0.0002130270004272461,748.3125,0.3125,1256.1875,0.3125
41,42,0.004685163497924805,0.00013494491577148438,748.3125,0.3125,1256.1875,0.3125
42,43,0.005342602729797363,4.6133995056152344e-05,748.3125,0.3125,1256.1875,0.3125
43,44,0.005176186561584473,7.11679458618164e-05,748.3125,0.3125,1256.1875,0.3125
44,45,0.005255341529846191,0.0002962350845336914,748.3125,0.3125,1256.1875,0.3125
45,46,0.005154132843017578,0.0005247592926025391,768.3125,0.3125,1236.1875,0.3125
46,47,0.00545048713684082,7.414817810058594e-05,768.3125,0.3125,1236.1875,0.3125
47,48,0.006130218505859375,0.0012297630310058594,768.3125,0.3125,1236.1875,0.3125
48,49,0.005608677864074707,3.445148468017578e-05,768.3125,0.3125,1236.1875,0.3125
49,50,0.005133628845214844,4.863739013671875e-05,768.3125,0.3125,1236.1875,0.3125
50,51,0.005291461944580078,0.00012612342834472656,760.3125,0.3125,1244.1875,0.3125
51,52,0.00468754768371582,7.987022399902344e-05,760.3125,0.3125,1244.1875,0.3125
52,53,0.00549769401550293,0.00020432472229003906,762.3125,0.3125,1242.1875,0.3125
53,54,0.0047910213470458984,3.9577484130859375e-05,762.3125,0.3125,1242.1875,0.3125
54,55,0.005589842796325684,0.00023615360260009766,762.3125,0.3125,1242.1875,0.3125
55,56,0.005312442779541016,7.939338684082031e-05,764.3125,0.3125,1240.1875,0.3125
56,57,0.005449056625366211,0.00022602081298828125,764.3125,0.3125,1240.1875,0.3125
57,58,0.005083560943603516,0.0003066062927246094,764.3125,0.3125,1240.1875,0.3125
58,59,0.005918145179748535,0.00025022029876708984,764.3125,0.3125,1240.1875,0.3125
59,60,0.005023956298828125,8.678436279296875e-05,766.3125,0.3125,1238.1875,0.3125
60,61,0.005268096923828125,8.106231689453125e-06,766.3125,0.3125,1238.1875,0.3125
61,62,0.005437016487121582,1.4662742614746094e-05,766.3125,0.3125,1238.1875,0.3125
62,63,0.00528407096862793,1.0251998901367188e-05,766.3125,0.3125,1238.1875,0.3125
63,64,0.005209684371948242,0.00021123886108398438,766.25,0.25,1238.25,0.25
64,65,0.005180954933166504,3.9458274841308594e-05,766.25,0.25,1238.25,0.25
65,66,0.0052193403244018555,0.0002764463424682617,766.25,0.25,1238.25,0.25
66,67,0.005295991897583008,0.00017762184143066406,766.25,0.25,1238.25,0.25
67,68,0.005185961723327637,5.9723854064941406e-05,788.25,0.25,1216.25,0.25
68,69,0.00524294376373291,4.3511390686035156e-05,788.25,0.25,1216.25,0.25
69,70,0.0050106048583984375,8.58306884765625e-06,788.25,0.25,1216.25,0.25
70,71,0.005233645439147949,6.556510925292969e-06,788.25,0.25,1216.25,0.25
71,72,0.005064725875854492,1.71661376953125e-05,792.25,0.25,1212.25,0.25
72,73,0.005372762680053711,8.988380432128906e-05,792.25,0.25,1212.25,0.25
73,74,0.004849910736083984,5.4836273193359375e-05,790.25,0.25,1214.25,0.25
74,75,0.005206942558288574,3.8504600524902344e-05,790.25,0.25,1214.25,0.25
75,76,0.0049430131912231445,3.135204315185547e-05,794.25,0.25,1210.25,0.25
76,77,0.005214095115661621,4.279613494873047e-05,794.25,0.25,1210.25,0.25
77,78,0.005118727684020996,0.00011432170867919922,794.25,0.25,1210.25,0.25
78,79,0.005371451377868652,0.00019276142120361328,798.25,0.25,1206.25,0.25
79,80,0.005529642105102539,0.0002777576446533203,798.25,0.25,1206.25,0.25
80,81,0.005265593528747559,7.927417755126953e-05,798.25,0.25,1206.25,0.25
81,82,0.005686163902282715,0.0004006624221801758,802.25,0.25,1202.25,0.25
82,83,0.005311131477355957,0.00019919872283935547,802.25,0.25,1202.25,0.25
83,84,0.005213618278503418,0.0002855062484741211,802.25,0.25,1202.25,0.25
84,85,0.005340099334716797,6.604194641113281e-05,826.25,0.25,1178.25,0.25
85,86,0.0052525997161865234,3.409385681152344e-05,826.25,0.25,1178.25,0.25
86,87,0.006166577339172363,0.0005680322647094727,826.25,0.25,1178.25,0.25
87,88,0.006821990013122559,0.0015860795974731445,830.25,0.25,1174.25,0.25
88,89,0.005437135696411133,0.00010800361633300781,830.25,0.25,1174.25,0.25
89,90,0.0055054426193237305,6.496906280517578e-05,830.25,0.25,1174.25,0.25
90,91,0.005218148231506348,0.0001837015151977539,834.25,0.25,1170.25,0.25
91,92,0.005367279052734375,1.9311904907226562e-05,834.25,0.25,1170.25,0.25
92,93,0.0053566694259643555,0.00023257732391357422,834.25,0.25,1170.25,0.25
93,94,0.005906820297241211,0.000377655029296875,838.25,0.25,1166.25,0.25
94,95,0.004965305328369141,9.799003601074219e-05,838.25,0.25,1166.25,0.25
95,96,0.005352020263671875,0.00015211105346679688,838.25,0.25,1166.25,0.25
96,97,0.005195260047912598,1.4901161193847656e-05,842.25,0.25,1162.25,0.25
97,98,0.0054198503494262695,9.047985076904297e-05,842.25,0.25,1162.25,0.25
98,99,0.005183696746826172,0.0001289844512939453,846.25,0.25,1158.25,0.25
99,100,0.005539059638977051,0.00030553340911865234,846.25,0.25,1158.25,0.25
100,101,0.005389690399169922,0.0002510547637939453,846.25,0.25,1158.25,0.25
101,102,0.005274295806884766,0.00015735626220703125,842.25,0.25,1162.25,0.25
102,103,0.0057555437088012695,0.0006645917892456055,842.25,0.25,1162.25,0.25
103,104,0.005143523216247559,2.8014183044433594e-05,846.25,0.25,1158.25,0.25
104,105,0.00577092170715332,0.00028586387634277344,858.25,0.25,1146.25,0.25
105,106,0.0054683685302734375,8.630752563476562e-05,858.25,0.25,1146.25,0.25
106,107,0.005485177040100098,0.00023496150970458984,858.25,0.25,1146.25,0.25
107,108,0.005647540092468262,0.00023877620697021484,862.25,0.25,1142.25,0.25
108,109,0.0056830644607543945,5.543231964111328e-05,866.25,0.25,1138.25,0.25
109,110,0.005647182464599609,0.0002486705780029297,862.25,0.25,1142.25,0.25
110,111,0.005700588226318359,0.00019431114196777344,874.25,0.25,1130.25,0.25
111,112,0.005703568458557129,0.00029218196868896484,874.25,0.25,1130.25,0.25
112,113,0.006191849708557129,0.00030791759490966797,874.25,0.25,1130.25,0.25
113,114,0.005579948425292969,5.793571472167969e-05,878.25,0.25,1126.25,0.25
114,115,0.005510449409484863,5.1140785217285156e-05,878.25,0.25,1126.25,0.25
115,116,0.0057239532470703125,3.8623809814453125e-05,882.25,0.25,1122.25,0.25
116,117,0.0055969953536987305,0.0001322031021118164,882.25,0.25,1122.25,0.25
117,118,0.005541086196899414,9.870529174804688e-05,886.25,0.25,1118.25,0.25
118,119,0.005619406700134277,3.2186508178710938e-06,886.25,0.25,1118.25,0.25
119,120,0.0061054229736328125,0.00038361549377441406,894.25,0.25,1110.25,0.25
120,121,0.005627274513244629,0.00011241436004638672,898.25,0.25,1106.25,0.25
121,122,0.0056046247482299805,2.372264862060547e-05,902.25,0.25,1102.25,0.25
122,123,0.005417585372924805,6.031990051269531e-05,898.25,0.25,1106.25,0.25
123,124,0.005183219909667969,0.00015401840209960938,906.25,0.25,1098.25,0.25
124,125,0.0055811405181884766,0.000270843505859375,906.25,0.25,1098.25,0.25
125,126,0.005492687225341797,0.00018596649169921875,906.25,0.25,1098.25,0.25
126,127,0.005529999732971191,0.00026857852935791016,910.25,0.25,1094.25,0.25
127,128,0.005144238471984863,0.0001062154769897461,910.25,0.25,1094.25,0.25
128,129,0.005365610122680664,0.00012683868408203125,916.25,0.25,1088.25,0.25
129,130,0.005350232124328613,1.0728836059570312e-06,920.25,0.25,1084.25,0.25
130,131,0.005590319633483887,0.0002523660659790039,920.25,0.25,1084.25,0.25
131,132,0.005365967750549316,1.7762184143066406e-05,924.25,0.25,1080.25,0.25
132,133,0.005369067192077637,3.230571746826172e-05,924.25,0.25,1080.25,0.25
133,134,0.005135297775268555,4.291534423828125e-05,928.25,0.25,1076.25,0.25
134,135,0.005094766616821289,2.2172927856445312e-05,928.25,0.25,1076.25,0.25
135,136,0.0052111148834228516,4.9114227294921875e-05,934.25,0.25,1070.25,0.25
136,137,0.005497932434082031,0.0003418922424316406,934.25,0.25,1070.25,0.25
137,138,0.0058830976486206055,0.0004369020462036133,938.25,0.25,1066.25,0.25
138,139,0.005366086959838867,2.1457672119140625e-06,938.25,0.25,1066.25,0.25
139,140,0.005727291107177734,0.00041961669921875,942.25,0.25,1062.25,0.25
140,141,0.00524747371673584,0.0001207590103149414,942.25,0.25,1062.25,0.25
141,142,0.005377292633056641,0.0001316070556640625,946.25,0.25,1058.25,0.25
142,143,0.005143642425537109,4.5299530029296875e-06,946.25,0.25,1058.25,0.25
143,144,0.005766153335571289,0.0003058910369873047,974.25,0.25,1030.25,0.25
144,145,0.005475640296936035,4.947185516357422e-05,978.25,0.25,1026.25,0.25
145,146,0.0059223175048828125,0.0005266666412353516,978.25,0.25,1026.25,0.25
146,147,0.005709528923034668,5.352497100830078e-05,982.25,0.25,1022.25,0.25
147,148,0.005442142486572266,0.00010013580322265625,982.25,0.25,1022.25,0.25
148,149,0.005393028259277344,9.465217590332031e-05,986.25,0.25,1018.25,0.25
149,150,0.005301117897033691,4.649162292480469e-06,986.25,0.25,1018.25,0.25
150,151,0.005424022674560547,1.2636184692382812e-05,994.25,0.25,1010.25,0.25
151,152,0.005447745323181152,7.450580596923828e-05,998.25,0.25,1006.25,0.25
152,153,0.005824923515319824,0.0001615285873413086,998.25,0.25,1006.25,0.25
153,154,0.005581498146057129,0.0001443624496459961,1002.25,0.25,1002.25,0.25
154,155,0.005616426467895508,2.3603439331054688e-05,1002.25,0.25,1002.25,0.25
155,156,0.005743861198425293,0.00011527538299560547,1006.375,0.125,998.125,0.125
156,157,0.0058242082595825195,0.0001207590103149414,1014.375,0.125,990.125,0.125
157,158,0.005988478660583496,0.00016796588897705078,1014.375,0.125,990.125,0.125
158,159,0.005500197410583496,0.00013625621795654297,1018.375,0.125,986.125,0.125
159,160,0.005596637725830078,8.249282836914062e-05,1018.375,0.125,986.125,0.125
160,161,0.006948113441467285,0.0006979703903198242,1022.375,0.125,982.125,0.125
161,162,0.005456209182739258,3.457069396972656e-05,1026.375,0.125,978.125,0.125
162,163,0.005475044250488281,9.560585021972656e-05,1026.375,0.125,978.125,0.125
163,164,0.0055158138275146484,0.0001385211944580078,1034.375,0.125,970.125,0.125
164,165,0.00635981559753418,0.0004723072052001953,1038.375,0.125,966.125,0.125
165,166,0.005957484245300293,2.8967857360839844e-05,1058.375,0.125,946.125,0.125
166,167,0.006131291389465332,0.0002537965774536133,1062.375,0.125,942.125,0.125
167,168,0.006928920745849609,0.0012645721435546875,1066.375,0.125,938.125,0.125
168,169,0.005844712257385254,0.00011241436004638672,1066.375,0.125,938.125,0.125
169,170,0.0074079036712646484,0.0015077590942382812,1074.375,0.125,930.125,0.125
170,171,0.0058557987213134766,0.0002627372741699219,1078.375,0.125,926.125,0.125
171,172,0.006696581840515137,0.0010069608688354492,1078.375,0.125,926.125,0.125
172,173,0.005689501762390137,1.3470649719238281e-05,1082.375,0.125,922.125,0.125
173,174,0.005696654319763184,1.0371208190917969e-05,1086.375,0.125,918.125,0.125
174,175,0.005739092826843262,1.4901161193847656e-05,1086.375,0.125,918.125,0.125
175,176,0.00567317008972168,6.198883056640625e-06,1094.375,0.125,910.125,0.125
176,177,0.006146550178527832,0.00029981136322021484,1098.375,0.125,906.125,0.125
177,178,0.005790352821350098,1.3232231140136719e-05,1098.375,0.125,906.125,0.125
178,179,0.005689024925231934,2.0265579223632812e-06,1102.375,0.125,902.125,0.125
179,180,0.0058525800704956055,0.00011909008026123047,1106.375,0.125,898.125,0.125
180,181,0.005866408348083496,0.00013530254364013672,1106.375,0.125,898.125,0.125
181,182,0.005851626396179199,0.00011932849884033203,1114.375,0.125,890.125,0.125
182,183,0.005785465240478516,2.2411346435546875e-05,1118.375,0.125,886.125,0.125
183,184,0.006054997444152832,0.0002881288528442383,1122.375,0.125,882.125,0.125
184,185,0.005882740020751953,7.319450378417969e-05,1122.375,0.125,882.125,0.125
185,186,0.006274700164794922,0.00019431114196777344,1126.375,0.125,878.125,0.125
186,187,0.006006121635437012,0.00014674663543701172,1134.375,0.125,870.125,0.125
187,188,0.0060923099517822266,0.00021195411682128906,1138.375,0.125,866.125,0.125
188,189,0.0068253278732299805,0.0006157159805297852,1138.375,0.125,866.125,0.125
189,190,0.006082892417907715,0.00011336803436279297,1142.375,0.125,862.125,0.125
190,191,0.005962252616882324,0.00012958049774169922,1146.375,0.125,858.125,0.125
191,192,0.0077326297760009766,0.0015804767608642578,1146.375,0.125,858.125,0.125
192,193,0.007372498512268066,0.001278519630432129,1154.375,0.125,850.125,0.125
193,194,0.006009101867675781,0.00017762184143066406,1158.375,0.125,846.125,0.125
194,195,0.007100820541381836,0.001013040542602539,1162.375,0.125,842.125,0.125
195,196,0.007632851600646973,0.0014861822128295898,1166.375,0.125,838.125,0.125
196,197,0.007096052169799805,0.0012867450714111328,1166.375,0.125,838.125,0.125
197,198,0.0071572065353393555,0.0013028383255004883,1174.375,0.125,830.125,0.125
198,199,0.007091164588928223,0.0009142160415649414,1178.375,0.125,826.125,0.125
199,200,0.00736391544342041,0.0011979341506958008,1182.375,0.125,822.125,0.125
200,201,0.006182432174682617,0.0002779960632324219,1182.375,0.125,822.125,0.125
201,202,0.005877971649169922,4.0531158447265625e-06,1186.375,0.125,818.125,0.125
202,203,0.007182478904724121,0.001086592674255371,1190.375,0.125,814.125,0.125
203,204,0.006294727325439453,3.4809112548828125e-05,1198.375,0.125,806.125,0.125
204,205,0.008094191551208496,0.0018514394760131836,1202.375,0.125,802.125,0.125
205,206,0.006654858589172363,0.00036084651947021484,1202.375,0.125,802.125,0.125
206,207,0.007924556732177734,0.0012042522430419922,1206.0,0.25,798.5,0.25
207,208,0.007363080978393555,0.0010480880737304688,1214.0,0.25,790.5,0.25
208,209,0.006452202796936035,0.00014531612396240234,1218.0,0.25,786.5,0.25
209,210,0.00747835636138916,0.0011860132217407227,1222.0,0.25,782.5,0.25
210,211,0.006639361381530762,0.0002766847610473633,1222.0,0.25,782.5,0.25
211,212,0.007202625274658203,0.00017595291137695312,1226.0,0.25,778.5,0.25
212,213,0.006589174270629883,0.000274658203125,1234.0,0.25,770.5,0.25
213,214,0.007363796234130859,0.0010585784912109375,1238.0,0.25,766.5,0.25
214,215,0.006301403045654297,1.430511474609375e-06,1242.0,0.25,762.5,0.25
215,216,0.0065430402755737305,0.0003293752670288086,1246.0,0.25,758.5,0.25
216,217,0.006852626800537109,0.0004963874816894531,1246.0,0.25,758.5,0.25
217,218,0.006281495094299316,1.0371208190917969e-05,1254.0,0.25,750.5,0.25
218,219,0.006601691246032715,0.0003255605697631836,1258.0,0.25,746.5,0.25
219,220,0.006253600120544434,7.271766662597656e-06,1262.0,0.25,742.5,0.25
220,221,0.006686210632324219,0.00032901763916015625,1266.0,0.25,738.5,0.25
221,222,0.006820082664489746,0.0004678964614868164,1282.0,0.25,722.5,0.25
222,223,0.006442546844482422,5.888938903808594e-05,1288.0,0.25,716.5,0.25
223,224,0.00643467903137207,4.315376281738281e-05,1288.0,0.25,716.5,0.25
224,225,0.007207274436950684,0.0007070302963256836,1292.0,0.25,712.5,0.25
225,226,0.00693511962890625,0.0004999637603759766,1296.0,0.25,708.5,0.25
226,227,0.006902456283569336,9.34600830078125e-05,1304.0,0.25,700.5,0.25
227,228,0.006791949272155762,0.00028264522552490234,1308.0,0.25,696.5,0.25
228,229,0.006633639335632324,0.00016438961029052734,1312.0,0.25,692.5,0.25
229,230,0.006761312484741211,0.00026869773864746094,1316.0,0.25,688.5,0.25
230,231,0.008260011672973633,0.0018553733825683594,1324.0625,0.3125,680.4375,0.3125
231,232,0.006897687911987305,0.00045561790466308594,1328.0625,0.3125,676.4375,0.3125
232,233,0.008120417594909668,0.001693129539489746,1332.0625,0.3125,672.4375,0.3125
233,234,0.007748246192932129,0.0009409189224243164,1332.0625,0.3125,672.4375,0.3125
234,235,0.006967306137084961,8.20159912109375e-05,1336.0625,0.3125,668.4375,0.3125
235,236,0.007001757621765137,0.000525355339050293,1344.0625,0.3125,660.4375,0.3125
236,237,0.007655739784240723,0.0012036561965942383,1348.0625,0.3125,656.4375,0.3125
237,238,0.007860422134399414,0.0008764266967773438,1352.0625,0.3125,652.4375,0.3125
238,239,0.0071533918380737305,0.00025522708892822266,1356.0625,0.3125,648.4375,0.3125
239,240,0.007736921310424805,0.0010836124420166016,1372.0625,0.3125,632.4375,0.3125
240,241,0.007710933685302734,0.0007817745208740234,1378.0625,0.3125,626.4375,0.3125
241,242,0.007991671562194824,0.0013617277145385742,1382.0625,0.3125,622.4375,0.3125
242,243,0.006606459617614746,2.6106834411621094e-05,1386.0625,0.3125,618.4375,0.3125
243,244,0.00760042667388916,0.0009888410568237305,1394.0625,0.3125,610.4375,0.3125
244,245,0.0068634748458862305,0.0001825094223022461,1398.0625,0.3125,606.4375,0.3125
245,246,0.006930351257324219,0.000308990478515625,1402.1875,0.4375,602.3125,0.4375
246,247,0.0069419145584106445,0.00025403499603271484,1406.1875,0.4375,598.3125,0.4375
247,248,0.0075380802154541016,0.0009758472442626953,1414.1875,0.4375,590.3125,0.4375
248,249,0.007561802864074707,0.0009609460830688477,1418.1875,0.4375,586.3125,0.4375
249,250,0.0065517425537109375,3.9577484130859375e-05,1422.1875,0.4375,582.3125,0.4375
250,251,0.007925152778625488,0.0008867979049682617,1426.1875,0.4375,578.3125,0.4375
251,252,0.008006572723388672,0.0010151863098144531,1434.1875,0.4375,570.3125,0.4375
252,253,0.00717926025390625,0.00010824203491210938,1438.1875,0.4375,566.3125,0.4375
253,254,0.006947875022888184,7.593631744384766e-05,1442.1875,0.4375,562.3125,0.4375
254,255,0.009533524513244629,0.0026093721389770508,1446.3125,0.3125,558.1875,0.3125
255,256,0.00709080696105957,0.0003459453582763672,1445.9375,0.0625,558.5625,0.0625
256,257,0.007042050361633301,0.00014460086822509766,1465.9375,0.0625,538.5625,0.0625
257,258,0.00703585147857666,0.0001672506332397461,1471.9375,0.0625,532.5625,0.0625
258,259,0.007252097129821777,2.658367156982422e-05,1475.9375,0.0625,528.5625,0.0625
259,260,0.0072231292724609375,6.651878356933594e-05,1483.9375,0.0625,520.5625,0.0625
260,261,0.007279634475708008,6.604194641113281e-05,1487.9375,0.0625,516.5625,0.0625
261,262,0.008543014526367188,0.00017404556274414062,1491.9375,0.0625,512.5625,0.0625
262,263,0.008557915687561035,0.001292109489440918,1495.9375,0.0625,508.5625,0.0625
263,264,0.0091475248336792,5.7816505432128906e-05,1503.9375,0.0625,500.5625,0.0625
264,265,0.007311582565307617,1.0013580322265625e-05,1509.8125,0.0625,494.6875,0.0625
265,266,0.007956385612487793,0.0006865262985229492,1513.6875,0.0625,490.8125,0.0625
266,267,0.007229208946228027,0.00030219554901123047,1517.6875,0.0625,486.8125,0.0625
267,268,0.007420778274536133,4.649162292480469e-05,1525.6875,0.0625,478.8125,0.0625
268,269,0.0072209835052490234,4.482269287109375e-05,1529.6875,0.0625,474.8125,0.0625
269,270,0.007631659507751465,9.381771087646484e-05,1533.6875,0.0625,470.8125,0.0625
270,271,0.007527589797973633,0.00016808509826660156,1537.6875,0.0625,466.8125,0.0625
271,272,0.00829923152923584,0.00031960010528564453,1553.6875,0.0625,450.8125,0.0625
272,273,0.007468461990356445,0.0005400180816650391,1559.6875,0.0625,444.8125,0.0625
273,274,0.007629275321960449,7.665157318115234e-05,1563.6875,0.0625,440.8125,0.0625
274,275,0.007276177406311035,0.00017726421356201172,1567.8125,0.1875,436.6875,0.1875
275,276,0.007283926010131836,0.0002372264862060547,1575.8125,0.1875,428.6875,0.1875
276,277,0.007634520530700684,6.330013275146484e-05,1579.8125,0.1875,424.6875,0.1875
277,278,0.0076410770416259766,2.1457672119140625e-05,1583.8125,0.1875,420.6875,0.1875
278,279,0.007297873497009277,0.00017511844635009766,1595.8125,0.1875,408.6875,0.1875
279,280,0.007236003875732422,0.00020885467529296875,1599.8125,0.1875,404.6875,0.1875
280,281,0.0074727535247802734,0.0003952980041503906,1603.8125,0.1875,400.6875,0.1875
281,282,0.0075702667236328125,0.0004913806915283203,1607.8125,0.1875,396.6875,0.1875
282,283,0.00725400447845459,9.620189666748047e-05,1615.8125,0.1875,388.6875,0.1875
283,284,0.007756710052490234,0.0005958080291748047,1619.8125,0.1875,384.6875,0.1875
284,285,0.007367610931396484,0.0001652240753173828,1623.8125,0.1875,380.6875,0.1875
285,286,0.007264256477355957,0.00019657611846923828,1627.8125,0.1875,376.6875,0.1875
286,287,0.00716853141784668,2.7894973754882812e-05,1643.8125,0.1875,360.6875,0.1875
287,288,0.007171034812927246,8.285045623779297e-05,1649.8125,0.1875,354.6875,0.1875
288,289,0.007329702377319336,0.00026035308837890625,1657.8125,0.1875,346.6875,0.1875
289,290,0.0076715946197509766,0.00010371208190917969,1665.8125,0.1875,338.6875,0.1875
290,291,0.009294271469116211,0.002019643783569336,1669.8125,0.1875,334.6875,0.1875
291,292,0.008017659187316895,0.0003942251205444336,1673.8125,0.1875,330.6875,0.1875
292,293,0.008106827735900879,0.00010788440704345703,1677.8125,0.1875,326.6875,0.1875
293,294,0.007306456565856934,7.450580596923828e-05,1685.8125,0.1875,318.6875,0.1875
