# Device: cuda 
# Device Name: GeForce GTX 860M 
# Total GPU memory: 2004.5 
,Dimension,Mean Time,Std Time,Mean Memory Used,Std Memory Used,Mean Memory Free,Std Memory Free
0,1,0.006372928619384766,0.0017209053039550781,694.875,9.0,1309.625,9.0
1,2,0.004220724105834961,5.745887756347656e-05,679.875,0.0,1324.625,0.0
2,3,0.004399776458740234,3.314018249511719e-05,681.875,0.0,1322.625,0.0
3,4,0.00452733039855957,5.1975250244140625e-05,681.875,0.0,1322.625,0.0
4,5,0.00454258918762207,6.198883056640625e-06,681.875,0.0,1322.625,0.0
5,6,0.00466465950012207,5.8650970458984375e-05,701.875,0.0,1302.625,0.0
6,7,0.004710793495178223,1.0371208190917969e-05,701.875,0.0,1302.625,0.0
7,8,0.005586743354797363,0.0009034872055053711,701.875,0.0,1302.625,0.0
8,9,0.00442194938659668,1.5497207641601562e-05,681.875,0.0,1322.625,0.0
9,10,0.0044498443603515625,0.0,681.875,0.0,1322.625,0.0
10,11,0.0046312808990478516,2.9325485229492188e-05,701.875,0.0,1302.625,0.0
11,12,0.004612445831298828,3.457069396972656e-05,701.875,0.0,1302.625,0.0
12,13,0.004626035690307617,8.821487426757812e-06,701.875,0.0,1302.625,0.0
13,14,0.004654049873352051,5.3763389587402344e-05,701.875,0.0,1302.625,0.0
14,15,0.004722118377685547,8.58306884765625e-06,703.875,0.0,1300.625,0.0
15,16,0.004737973213195801,1.609325408935547e-05,703.875,0.0,1300.625,0.0
16,17,0.004608869552612305,2.3126602172851562e-05,701.875,0.0,1302.625,0.0
17,18,0.004559874534606934,9.655952453613281e-06,701.875,0.0,1302.625,0.0
18,19,0.004602789878845215,7.510185241699219e-06,701.875,0.0,1302.625,0.0
19,20,0.004428744316101074,1.3947486877441406e-05,701.875,0.0,1302.625,0.0
20,21,0.004541277885437012,1.6808509826660156e-05,701.875,0.0,1302.625,0.0
21,22,0.004449367523193359,2.47955322265625e-05,701.875,0.0,1302.625,0.0
22,23,0.004566192626953125,8.344650268554688e-06,701.875,0.0,1302.625,0.0
23,24,0.004432082176208496,4.088878631591797e-05,701.875,0.0,1302.625,0.0
24,25,0.004550933837890625,2.6702880859375e-05,701.875,0.0,1302.625,0.0
25,26,0.004456996917724609,7.05718994140625e-05,701.875,0.0,1302.625,0.0
26,27,0.004581451416015625,1.0967254638671875e-05,701.875,0.0,1302.625,0.0
27,28,0.004567980766296387,1.9669532775878906e-05,703.875,0.0,1300.625,0.0
28,29,0.004631400108337402,2.849102020263672e-05,703.875,0.0,1300.625,0.0
29,30,0.0045043230056762695,9.179115295410156e-06,703.875,0.0,1300.625,0.0
30,31,0.004564046859741211,2.2649765014648438e-05,703.875,0.0,1300.625,0.0
31,32,0.004628777503967285,0.00011837482452392578,703.875,0.0,1300.625,0.0
32,33,0.00438690185546875,1.5735626220703125e-05,701.875,0.0,1302.625,0.0
33,34,0.0044869184494018555,3.445148468017578e-05,701.875,0.0,1302.625,0.0
34,35,0.004453063011169434,4.494190216064453e-05,701.875,0.0,1302.625,0.0
35,36,0.004371762275695801,5.602836608886719e-06,701.875,0.0,1302.625,0.0
36,37,0.004412531852722168,2.8967857360839844e-05,701.875,0.0,1302.625,0.0
37,38,0.004817366600036621,2.849102020263672e-05,703.875,0.0,1300.625,0.0
38,39,0.004556536674499512,8.463859558105469e-06,703.875,0.0,1300.625,0.0
39,40,0.004583597183227539,2.1219253540039062e-05,703.875,0.0,1300.625,0.0
40,41,0.004556179046630859,3.814697265625e-06,703.875,0.0,1300.625,0.0
41,42,0.004563808441162109,3.3855438232421875e-05,703.875,0.0,1300.625,0.0
42,43,0.004615426063537598,1.0132789611816406e-05,703.875,0.0,1300.625,0.0
43,44,0.004624843597412109,4.839897155761719e-05,703.875,0.0,1300.625,0.0
44,45,0.004562973976135254,2.5033950805664062e-06,703.875,0.0,1300.625,0.0
45,46,0.004750728607177734,5.316734313964844e-05,723.875,0.0,1280.625,0.0
46,47,0.004822731018066406,2.47955322265625e-05,723.875,0.0,1280.625,0.0
47,48,0.004742026329040527,4.8995018005371094e-05,723.875,0.0,1280.625,0.0
48,49,0.004778742790222168,3.1113624572753906e-05,723.875,0.0,1280.625,0.0
49,50,0.004775285720825195,9.846687316894531e-05,723.875,0.0,1280.625,0.0
50,51,0.004737257957458496,2.2649765014648438e-06,715.875,0.0,1288.625,0.0
51,52,0.004781484603881836,1.3113021850585938e-05,715.875,0.0,1288.625,0.0
52,53,0.004943251609802246,6.61611557006836e-05,717.875,0.0,1286.625,0.0
53,54,0.0048950910568237305,4.2557716369628906e-05,717.875,0.0,1286.625,0.0
54,55,0.0048798322677612305,3.4570693969726562e-06,717.875,0.0,1286.625,0.0
55,56,0.004927992820739746,3.063678741455078e-05,719.875,0.0,1284.625,0.0
56,57,0.00473332405090332,2.8371810913085938e-05,719.875,0.0,1284.625,0.0
57,58,0.004747152328491211,4.410743713378906e-05,719.875,0.0,1284.625,0.0
58,59,0.004835247993469238,1.2278556823730469e-05,719.875,0.0,1284.625,0.0
59,60,0.004893183708190918,8.702278137207031e-06,721.875,0.0,1282.625,0.0
60,61,0.00491940975189209,2.7298927307128906e-05,721.875,0.0,1282.625,0.0
61,62,0.004940390586853027,1.5497207641601562e-06,721.875,0.0,1282.625,0.0
62,63,0.0048980712890625,1.7881393432617188e-05,721.875,0.0,1282.625,0.0
63,64,0.004884958267211914,1.6927719116210938e-05,721.875,0.0,1282.625,0.0
64,65,0.004688620567321777,3.159046173095703e-05,721.875,0.0,1282.625,0.0
65,66,0.004765748977661133,5.3882598876953125e-05,721.875,0.0,1282.625,0.0
66,67,0.0046929121017456055,4.303455352783203e-05,721.875,0.0,1282.625,0.0
67,68,0.00497591495513916,8.26120376586914e-05,743.875,0.0,1260.625,0.0
68,69,0.004871010780334473,5.519390106201172e-05,743.875,0.0,1260.625,0.0
69,70,0.0049016475677490234,1.7881393432617188e-05,743.875,0.0,1260.625,0.0
70,71,0.004837751388549805,1.7404556274414062e-05,743.875,0.0,1260.625,0.0
71,72,0.0049211978912353516,1.811981201171875e-05,747.875,0.0,1256.625,0.0
72,73,0.004847288131713867,3.337860107421875e-06,747.875,0.0,1256.625,0.0
73,74,0.004746913909912109,1.1682510375976562e-05,745.875,0.0,1258.625,0.0
74,75,0.004729628562927246,4.184246063232422e-05,745.875,0.0,1258.625,0.0
75,76,0.004799008369445801,5.364418029785156e-06,749.875,0.0,1254.625,0.0
76,77,0.0047332048416137695,1.1324882507324219e-05,749.875,0.0,1254.625,0.0
77,78,0.00476384162902832,9.5367431640625e-06,749.875,0.0,1254.625,0.0
78,79,0.004828691482543945,1.1444091796875e-05,753.875,0.0,1250.625,0.0
79,80,0.004746794700622559,1.1086463928222656e-05,753.875,0.0,1250.625,0.0
80,81,0.004771232604980469,3.5762786865234375e-06,753.875,0.0,1250.625,0.0
81,82,0.004766702651977539,1.2636184692382812e-05,757.875,0.0,1246.625,0.0
82,83,0.004756450653076172,1.621246337890625e-05,757.875,0.0,1246.625,0.0
83,84,0.004763007164001465,3.4570693969726562e-06,757.875,0.0,1246.625,0.0
84,85,0.0053893327713012695,0.00045931339263916016,781.875,0.0,1222.625,0.0
85,86,0.004952669143676758,3.0994415283203125e-06,781.875,0.0,1222.625,0.0
86,87,0.004959225654602051,2.086162567138672e-05,781.875,0.0,1222.625,0.0
87,88,0.004952549934387207,1.609325408935547e-05,785.875,0.0,1218.625,0.0
88,89,0.004922628402709961,1.4543533325195312e-05,785.875,0.0,1218.625,0.0
89,90,0.004992485046386719,2.86102294921875e-05,785.875,0.0,1218.625,0.0
90,91,0.0049283504486083984,1.5497207641601562e-05,789.875,0.0,1214.625,0.0
91,92,0.004944801330566406,1.4066696166992188e-05,789.875,0.0,1214.625,0.0
92,93,0.004918098449707031,2.5272369384765625e-05,789.875,0.0,1214.625,0.0
93,94,0.0049484968185424805,6.318092346191406e-06,793.875,0.0,1210.625,0.0
94,95,0.004907131195068359,2.7894973754882812e-05,793.875,0.0,1210.625,0.0
95,96,0.00494539737701416,1.990795135498047e-05,793.875,0.0,1210.625,0.0
96,97,0.0049571990966796875,9.059906005859375e-06,797.875,0.0,1206.625,0.0
97,98,0.004958987236022949,1.0371208190917969e-05,797.875,0.0,1206.625,0.0
98,99,0.004954934120178223,5.3763389587402344e-05,801.875,0.0,1202.625,0.0
99,100,0.005005478858947754,1.633167266845703e-05,801.875,0.0,1202.625,0.0
100,101,0.005019187927246094,1.1920928955078125e-06,801.875,0.0,1202.625,0.0
101,102,0.004966020584106445,4.172325134277344e-05,797.875,0.0,1206.625,0.0
102,103,0.004990816116333008,4.0531158447265625e-06,797.875,0.0,1206.625,0.0
103,104,0.005130887031555176,0.00012600421905517578,801.875,0.0,1202.625,0.0
104,105,0.005226850509643555,1.5497207641601562e-05,813.875,0.0,1190.625,0.0
105,106,0.00522005558013916,2.658367156982422e-05,813.875,0.0,1190.625,0.0
106,107,0.005131721496582031,1.8596649169921875e-05,813.875,0.0,1190.625,0.0
107,108,0.005226612091064453,1.52587890625e-05,817.875,0.0,1186.625,0.0
108,109,0.005205988883972168,4.410743713378906e-06,821.875,0.0,1182.625,0.0
109,110,0.005076408386230469,1.1205673217773438e-05,817.875,0.0,1186.625,0.0
110,111,0.005253911018371582,7.748603820800781e-06,829.875,0.0,1174.625,0.0
111,112,0.005231261253356934,9.894371032714844e-06,829.875,0.0,1174.625,0.0
112,113,0.005260944366455078,8.106231689453125e-06,829.875,0.0,1174.625,0.0
113,114,0.005236029624938965,5.364418029785156e-06,833.875,0.0,1170.625,0.0
114,115,0.005248904228210449,2.2649765014648438e-06,833.875,0.0,1170.625,0.0
115,116,0.0052738189697265625,4.0531158447265625e-06,837.875,0.0,1166.625,0.0
116,117,0.005244731903076172,8.58306884765625e-06,837.875,0.0,1166.625,0.0
117,118,0.005249142646789551,1.4662742614746094e-05,841.875,0.0,1162.625,0.0
118,119,0.0053217411041259766,0.00010371208190917969,841.875,0.0,1162.625,0.0
119,120,0.005301356315612793,2.7060508728027344e-05,849.875,0.0,1154.625,0.0
120,121,0.005297541618347168,1.8477439880371094e-05,853.875,0.0,1150.625,0.0
121,122,0.005329489707946777,2.086162567138672e-05,857.875,0.0,1146.625,0.0
122,123,0.005051374435424805,4.1484832763671875e-05,853.875,0.0,1150.625,0.0
123,124,0.005081772804260254,3.4689903259277344e-05,861.875,0.0,1142.625,0.0
124,125,0.005399346351623535,0.00028192996978759766,861.875,0.0,1142.625,0.0
125,126,0.005016684532165527,3.230571746826172e-05,861.875,0.0,1142.625,0.0
126,127,0.005172252655029297,3.337860107421875e-06,865.875,0.0,1138.625,0.0
127,128,0.005087614059448242,8.106231689453125e-06,865.875,0.0,1138.625,0.0
128,129,0.005100250244140625,5.0067901611328125e-05,871.875,0.0,1132.625,0.0
129,130,0.005094766616821289,1.6689300537109375e-06,875.875,0.0,1128.625,0.0
130,131,0.0051413774490356445,5.4001808166503906e-05,875.875,0.0,1128.625,0.0
131,132,0.0051152706146240234,7.62939453125e-06,879.875,0.0,1124.625,0.0
132,133,0.005128264427185059,6.139278411865234e-05,879.875,0.0,1124.625,0.0
133,134,0.005170702934265137,9.655952453613281e-06,883.875,0.0,1120.625,0.0
134,135,0.005149960517883301,1.7881393432617188e-06,883.875,0.0,1120.625,0.0
135,136,0.0051648616790771484,4.76837158203125e-07,889.875,0.0,1114.625,0.0
136,137,0.005138993263244629,1.3947486877441406e-05,889.875,0.0,1114.625,0.0
137,138,0.005227446556091309,3.898143768310547e-05,893.875,0.0,1110.625,0.0
138,139,0.005205512046813965,3.039836883544922e-05,893.875,0.0,1110.625,0.0
139,140,0.0052793025970458984,6.747245788574219e-05,897.875,0.0,1106.625,0.0
140,141,0.0052127838134765625,3.8623809814453125e-05,897.875,0.0,1106.625,0.0
141,142,0.0051718950271606445,1.2278556823730469e-05,901.875,0.0,1102.625,0.0
142,143,0.005199909210205078,1.5974044799804688e-05,901.875,0.0,1102.625,0.0
143,144,0.005375385284423828,2.0265579223632812e-05,929.875,0.0,1074.625,0.0
144,145,0.00541079044342041,2.8014183044433594e-05,933.875,0.0,1070.625,0.0
145,146,0.005380749702453613,1.5616416931152344e-05,933.875,0.0,1070.625,0.0
146,147,0.0054302215576171875,3.361701965332031e-05,937.875,0.0,1066.625,0.0
147,148,0.005463838577270508,1.5735626220703125e-05,937.875,0.0,1066.625,0.0
148,149,0.005444526672363281,2.7179718017578125e-05,941.875,0.0,1062.625,0.0
149,150,0.005457282066345215,6.556510925292969e-06,941.875,0.0,1062.625,0.0
150,151,0.005426883697509766,2.6226043701171875e-06,949.875,0.0,1054.625,0.0
151,152,0.005499124526977539,1.5020370483398438e-05,953.875,0.0,1050.625,0.0
152,153,0.005478382110595703,4.363059997558594e-05,953.875,0.0,1050.625,0.0
153,154,0.00547945499420166,3.993511199951172e-05,957.875,0.0,1046.625,0.0
154,155,0.005511164665222168,3.6954879760742188e-06,957.875,0.0,1046.625,0.0
155,156,0.005497932434082031,3.075599670410156e-05,961.875,0.0,1042.625,0.0
156,157,0.0055773258209228516,1.9073486328125e-06,969.875,0.0,1034.625,0.0
157,158,0.005547881126403809,2.7060508728027344e-05,969.875,0.0,1034.625,0.0
158,159,0.006530284881591797,0.0010120868682861328,973.875,0.0,1030.625,0.0
159,160,0.005498290061950684,6.079673767089844e-06,973.875,0.0,1030.625,0.0
160,161,0.005640625953674316,8.237361907958984e-05,977.875,0.0,1026.625,0.0
161,162,0.006608366966247559,0.0010873079299926758,981.875,0.0,1022.625,0.0
162,163,0.00550532341003418,7.62939453125e-05,981.875,0.0,1022.625,0.0
163,164,0.005553483963012695,7.987022399902344e-05,989.875,0.0,1014.625,0.0
164,165,0.005475759506225586,1.4781951904296875e-05,993.875,0.0,1010.625,0.0
165,166,0.005703330039978027,1.8477439880371094e-05,1013.875,0.0,990.625,0.0
166,167,0.0057610273361206055,6.0677528381347656e-05,1017.875,0.0,986.625,0.0
167,168,0.005747199058532715,2.2649765014648438e-06,1021.875,0.0,982.625,0.0
168,169,0.005752444267272949,7.998943328857422e-05,1021.875,0.0,982.625,0.0
169,170,0.005724072456359863,2.467632293701172e-05,1029.875,0.0,974.625,0.0
170,171,0.005823373794555664,6.4849853515625e-05,1033.875,0.0,970.625,0.0
171,172,0.005750060081481934,4.017353057861328e-05,1033.875,0.0,970.625,0.0
172,173,0.005805015563964844,1.33514404296875e-05,1037.875,0.0,966.625,0.0
173,174,0.005762338638305664,1.7881393432617188e-05,1041.875,0.0,962.625,0.0
174,175,0.005797386169433594,2.5033950805664062e-05,1041.875,0.0,962.625,0.0
175,176,0.0058051347732543945,5.4955482482910156e-05,1049.875,0.0,954.625,0.0
176,177,0.005792498588562012,3.0875205993652344e-05,1053.875,0.0,950.625,0.0
177,178,0.005846738815307617,2.384185791015625e-06,1053.875,0.0,950.625,0.0
178,179,0.0058634281158447266,8.916854858398438e-05,1057.875,0.0,946.625,0.0
179,180,0.005825400352478027,4.9948692321777344e-05,1061.875,0.0,942.625,0.0
180,181,0.005805611610412598,3.516674041748047e-05,1061.875,0.0,942.625,0.0
181,182,0.005838751792907715,6.16312026977539e-05,1069.875,0.0,934.625,0.0
182,183,0.005871295928955078,2.288818359375e-05,1073.875,0.0,930.625,0.0
183,184,0.005840897560119629,4.0650367736816406e-05,1077.875,0.0,926.625,0.0
184,185,0.005823373794555664,7.152557373046875e-06,1077.875,0.0,926.625,0.0
185,186,0.0059125423431396484,1.6689300537109375e-06,1081.875,0.0,922.625,0.0
186,187,0.005908846855163574,1.5616416931152344e-05,1089.875,0.0,914.625,0.0
187,188,0.0058705806732177734,2.1219253540039062e-05,1093.875,0.0,910.625,0.0
188,189,0.005868315696716309,1.7523765563964844e-05,1093.875,0.0,910.625,0.0
189,190,0.0058907270431518555,4.8995018005371094e-05,1097.875,0.0,906.625,0.0
190,191,0.005876064300537109,2.8371810913085938e-05,1101.875,0.0,902.625,0.0
191,192,0.005876660346984863,3.3974647521972656e-05,1101.875,0.0,902.625,0.0
192,193,0.005862832069396973,1.4424324035644531e-05,1109.875,0.0,894.625,0.0
193,194,0.005883574485778809,6.210803985595703e-05,1113.875,0.0,890.625,0.0
194,195,0.005947709083557129,3.5762786865234375e-07,1117.875,0.0,886.625,0.0
195,196,0.005885124206542969,9.775161743164062e-06,1121.875,0.0,882.625,0.0
196,197,0.005886197090148926,3.039836883544922e-05,1121.875,0.0,882.625,0.0
197,198,0.005869388580322266,7.867813110351562e-06,1129.875,0.0,874.625,0.0
198,199,0.005864500999450684,1.7762184143066406e-05,1133.875,0.0,870.625,0.0
199,200,0.005910992622375488,3.5643577575683594e-05,1137.875,0.0,866.625,0.0
200,201,0.005868196487426758,6.67572021484375e-06,1137.875,0.0,866.625,0.0
201,202,0.0058525800704956055,2.4437904357910156e-05,1141.875,0.0,862.625,0.0
202,203,0.006071805953979492,6.890296936035156e-05,1145.875,0.0,858.625,0.0
203,204,0.006250739097595215,1.2993812561035156e-05,1153.875,0.0,850.625,0.0
204,205,0.006338357925415039,5.888938903808594e-05,1157.875,0.0,846.625,0.0
205,206,0.006314754486083984,2.574920654296875e-05,1157.875,0.0,846.625,0.0
206,207,0.00628352165222168,1.5020370483398438e-05,1161.875,0.0,842.625,0.0
207,208,0.006326556205749512,1.609325408935547e-05,1169.875,0.0,834.625,0.0
208,209,0.0063304901123046875,3.2901763916015625e-05,1173.875,0.0,830.625,0.0
209,210,0.006317615509033203,1.6927719116210938e-05,1177.875,0.0,826.625,0.0
210,211,0.00635838508605957,4.9591064453125e-05,1177.875,0.0,826.625,0.0
211,212,0.006375432014465332,2.2530555725097656e-05,1181.875,0.0,822.625,0.0
212,213,0.006286025047302246,1.9431114196777344e-05,1189.875,0.0,814.625,0.0
213,214,0.0062628984451293945,4.0411949157714844e-05,1193.875,0.0,810.625,0.0
214,215,0.006315469741821289,3.504753112792969e-05,1197.875,0.0,806.625,0.0
215,216,0.006261944770812988,3.063678741455078e-05,1201.875,0.0,802.625,0.0
216,217,0.006284356117248535,4.088878631591797e-05,1201.875,0.0,802.625,0.0
217,218,0.006338238716125488,2.682209014892578e-05,1209.875,0.0,794.625,0.0
218,219,0.006455183029174805,7.3909759521484375e-06,1213.875,0.0,790.625,0.0
219,220,0.006299257278442383,1.9073486328125e-05,1217.875,0.0,786.625,0.0
220,221,0.006310462951660156,2.4318695068359375e-05,1221.875,0.0,782.625,0.0
221,222,0.0065135955810546875,7.05718994140625e-05,1237.875,0.0,766.625,0.0
222,223,0.006426811218261719,1.3113021850585938e-05,1243.875,0.0,760.625,0.0
223,224,0.006461024284362793,1.537799835205078e-05,1243.875,0.0,760.625,0.0
224,225,0.006382942199707031,3.7670135498046875e-05,1247.875,0.0,756.625,0.0
225,226,0.006443500518798828,8.58306884765625e-06,1251.875,0.0,752.625,0.0
226,227,0.00644230842590332,4.482269287109375e-05,1259.875,0.0,744.625,0.0
227,228,0.006445527076721191,4.184246063232422e-05,1263.875,0.0,740.625,0.0
228,229,0.006479859352111816,6.139278411865234e-05,1267.875,0.0,736.625,0.0
229,230,0.006504058837890625,2.5033950805664062e-05,1271.875,0.0,732.625,0.0
230,231,0.006406664848327637,9.894371032714844e-06,1279.875,0.0,724.625,0.0
231,232,0.006588935852050781,3.9577484130859375e-05,1283.875,0.0,720.625,0.0
232,233,0.006432890892028809,6.556510925292969e-06,1287.875,0.0,716.625,0.0
233,234,0.0064972639083862305,3.325939178466797e-05,1287.875,0.0,716.625,0.0
234,235,0.006519794464111328,3.8623809814453125e-05,1291.875,0.0,712.625,0.0
235,236,0.006510019302368164,1.9073486328125e-05,1299.875,0.0,704.625,0.0
236,237,0.0065697431564331055,5.829334259033203e-05,1303.875,0.0,700.625,0.0
237,238,0.006549358367919922,2.86102294921875e-06,1307.875,0.0,696.625,0.0
238,239,0.006672024726867676,0.00017058849334716797,1311.875,0.0,692.625,0.0
239,240,0.006665587425231934,9.02414321899414e-05,1327.875,0.0,676.625,0.0
240,241,0.006743788719177246,6.854534149169922e-05,1333.875,0.0,670.625,0.0
241,242,0.006966710090637207,0.0002721548080444336,1337.875,0.0,666.625,0.0
242,243,0.006716251373291016,0.00010609626770019531,1341.875,0.0,662.625,0.0
243,244,0.006669759750366211,3.123283386230469e-05,1349.875,0.0,654.625,0.0
244,245,0.006742596626281738,5.829334259033203e-05,1353.875,0.0,650.625,0.0
245,246,0.006713151931762695,7.3909759521484375e-06,1357.875,0.0,646.625,0.0
246,247,0.006755352020263672,3.1948089599609375e-05,1361.875,0.0,642.625,0.0
247,248,0.006626605987548828,2.9802322387695312e-05,1369.875,0.0,634.625,0.0
248,249,0.006644129753112793,3.7550926208496094e-05,1373.875,0.0,630.625,0.0
249,250,0.006670832633972168,3.516674041748047e-05,1377.875,0.0,626.625,0.0
250,251,0.006677150726318359,6.508827209472656e-05,1381.875,0.0,622.625,0.0
251,252,0.0067359209060668945,4.6372413635253906e-05,1389.875,0.0,614.625,0.0
252,253,0.0068520307540893555,4.8041343688964844e-05,1393.875,0.0,610.625,0.0
253,254,0.007037758827209473,0.00023543834686279297,1397.875,0.0,606.625,0.0
254,255,0.0069904327392578125,5.7697296142578125e-05,1401.875,0.0,602.625,0.0
255,256,0.007024288177490234,0.0001266002655029297,1401.875,0.0,602.625,0.0
256,257,0.007123589515686035,0.00011408329010009766,1421.875,0.0,582.625,0.0
257,258,0.007069826126098633,0.00011086463928222656,1427.875,0.0,576.625,0.0
258,259,0.007162213325500488,0.00010192394256591797,1431.875,0.0,572.625,0.0
259,260,0.007442951202392578,8.463859558105469e-05,1439.875,0.0,564.625,0.0
260,261,0.007357239723205566,5.328655242919922e-05,1443.875,0.0,560.625,0.0
261,262,0.007343649864196777,1.8477439880371094e-05,1447.875,0.0,556.625,0.0
262,263,0.0073583126068115234,3.695487976074219e-05,1451.875,0.0,552.625,0.0
263,264,0.0073032379150390625,1.2159347534179688e-05,1459.875,0.0,544.625,0.0
264,265,0.007837057113647461,2.4557113647460938e-05,1465.875,0.0,538.625,0.0
265,266,0.006955981254577637,0.00013005733489990234,1469.875,0.0,534.625,0.0
266,267,0.006959438323974609,0.0001399517059326172,1473.875,0.0,530.625,0.0
267,268,0.007072925567626953,0.0002155303955078125,1481.875,0.0,522.625,0.0
268,269,0.006962180137634277,0.0001322031021118164,1485.875,0.0,518.625,0.0
269,270,0.007088899612426758,0.00023365020751953125,1489.875,0.0,514.625,0.0
270,271,0.006972670555114746,0.00013744831085205078,1493.875,0.0,510.625,0.0
271,272,0.00706636905670166,0.0001226663589477539,1509.875,0.0,494.625,0.0
272,273,0.007213234901428223,0.00024831295013427734,1515.875,0.0,488.625,0.0
273,274,0.007100582122802734,0.00014853477478027344,1519.875,0.0,484.625,0.0
274,275,0.007022380828857422,9.465217590332031e-05,1523.875,0.0,480.625,0.0
275,276,0.007118344306945801,0.00014317035675048828,1531.875,0.0,472.625,0.0
276,277,0.007067322731018066,0.00012052059173583984,1535.875,0.0,468.625,0.0
277,278,0.0070781707763671875,0.00011849403381347656,1539.875,0.0,464.625,0.0
278,279,0.007021665573120117,9.703636169433594e-05,1551.875,0.0,452.625,0.0
279,280,0.007028698921203613,0.00015175342559814453,1555.875,0.0,448.625,0.0
280,281,0.007047176361083984,0.00010967254638671875,1559.875,0.0,444.625,0.0
281,282,0.007011771202087402,0.00012385845184326172,1563.875,0.0,440.625,0.0
282,283,0.007117033004760742,0.00011777877807617188,1571.875,0.0,432.625,0.0
283,284,0.007178783416748047,0.00020360946655273438,1575.875,0.0,428.625,0.0
284,285,0.007193565368652344,0.0001800060272216797,1579.875,0.0,424.625,0.0
285,286,0.007360696792602539,0.0001697540283203125,1583.875,0.0,420.625,0.0
286,287,0.007212400436401367,0.00013971328735351562,1599.875,0.0,404.625,0.0
287,288,0.007199645042419434,0.00010120868682861328,1605.875,0.0,398.625,0.0
288,289,0.007254242897033691,7.87973403930664e-05,1613.875,0.0,390.625,0.0
289,290,0.007218122482299805,9.274482727050781e-05,1621.875,0.0,382.625,0.0
290,291,0.0072405338287353516,9.560585021972656e-05,1625.875,0.0,378.625,0.0
291,292,0.0072782039642333984,2.0265579223632812e-05,1629.875,0.0,374.625,0.0
292,293,0.007187843322753906,8.821487426757812e-05,1633.875,0.0,370.625,0.0
293,294,0.007075190544128418,1.728534698486328e-05,1641.875,0.0,362.625,0.0
