# Device: cuda 
# Device Name: GeForce GTX 860M 
# Total GPU memory: 2004.5 
,Patch Dimension,Full Image (4096x4096) Processing Time:
0,40.0,342.32343749999984
1,41.0,349.2374999999971
2,42.0,345.00624999999735
3,43.0,339.20624999999734
4,44.0,367.89531249999874
5,45.0,330.8765624999936
6,46.0,399.24999999999835
7,47.0,325.8718749999956
8,48.0,370.12343749999985
9,49.0,366.88906249999485
10,50.0,344.77499999999753
11,51.0,368.5140624999973
12,52.0,367.3578124999983
13,53.0,100.0398437499994
14,54.0,95.20195312499916
15,55.0,92.0812499999998
16,56.0,90.2898437499994
17,57.0,85.49570312499856
18,58.0,84.56054687499878
19,59.0,92.62578124999885
20,60.0,87.36640624999957
21,61.0,90.75156249999934
22,62.0,92.44296874999972
23,63.0,90.76406249999893
24,64.0,94.57460937499934
25,65.0,97.00546874999931
26,66.0,87.79531249999872
27,67.0,92.6355468749996
28,68.0,89.19140624999875
29,69.0,90.71015624999895
30,70.0,85.67968749999882
31,71.0,89.81171874999993
32,72.0,89.48164062499963
33,73.0,88.29374999999939
34,74.0,86.88281249999913
35,75.0,90.05976562499912
36,76.0,95.62851562499932
37,77.0,98.32539062499902
38,78.0,93.87539062499901
39,79.0,92.5812499999998
40,80.0,87.64296874999972
41,81.0,95.0656249999999
42,82.0,86.47695312499998
43,83.0,100.37968749999882
44,84.0,102.40039062499983
45,85.0,24.644531249999872
46,86.0,23.95654296874967
47,87.0,23.74238281249997
48,88.0,23.757519531249663
49,89.0,23.724023437499596
50,90.0,26.595507812499864
51,91.0,24.955664062499636
52,92.0,26.2833984374997
53,93.0,26.662988281249792
54,94.0,23.310449218749646
55,95.0,23.2458984374997
56,96.0,22.31005859374981
57,97.0,25.51845703124992
58,98.0,22.58271484374999
59,99.0,23.38574218749993
60,100.0,23.89003906249974
61,101.0,22.78876953124987
62,102.0,22.969433593749912
63,103.0,22.59697265624965
64,104.0,22.650878906249627
65,105.0,22.51269531249992
66,106.0,23.648730468749722
67,107.0,23.34873046874972
68,108.0,23.241406249999976
69,109.0,24.01191406249984
70,110.0,22.741992187499726
71,111.0,23.120019531249664
72,112.0,23.64765624999977
73,113.0,25.610351562499687
74,114.0,23.041503906249932
75,115.0,23.24345703124992
76,116.0,23.889648437499904
77,117.0,23.839453124999988
78,118.0,23.61533203124961
79,119.0,24.041992187499726
80,120.0,23.988281249999666
81,121.0,23.921679687499775
82,122.0,24.20009765624996
83,123.0,23.176464843749784
84,124.0,24.85947265624965
85,125.0,24.04892578124964
86,126.0,22.364160156249703
87,127.0,22.17802734374994
88,128.0,22.56718749999964
89,129.0,24.24521484374999
90,130.0,22.50468749999964
91,131.0,24.043261718749594
92,132.0,23.26962890624983
93,133.0,23.636132812499763
94,134.0,22.808593749999616
95,135.0,23.184960937499852
96,136.0,21.91484374999982
97,137.0,22.366992187499726
98,138.0,24.233398437499698
99,139.0,25.026953124999988
100,140.0,25.444238281249998
101,141.0,24.040917968749774
102,142.0,25.49941406249984
103,143.0,24.150683593749708
104,144.0,25.126074218749952
105,145.0,25.397851562499685
106,146.0,26.77919921874985
107,147.0,24.195410156249906
108,148.0,27.641308593749606
109,149.0,7.270507812499968
110,150.0,7.180786132812493
111,151.0,6.735522460937421
112,152.0,6.47802734374994
113,153.0,6.172460937499955
114,154.0,7.019555664062464
115,155.0,7.027343749999924
116,156.0,6.589819335937434
117,157.0,6.459472656249958
118,158.0,6.7409423828124675
119,159.0,6.46530761718743
120,160.0,6.6576171874999295
121,161.0,6.250634765624935
122,162.0,6.549951171874919
123,163.0,6.499609374999961
124,164.0,6.174365234374963
125,165.0,6.2878173828124675
126,166.0,7.255175781249946
127,167.0,7.515820312499917
128,168.0,7.305712890624922
129,169.0,6.763232421874995
130,170.0,6.867456054687437
131,171.0,6.782104492187443
132,172.0,8.489282226562457
133,173.0,6.815551757812429
134,174.0,7.135351562499993
135,175.0,7.508886718749901
136,176.0,7.374145507812455
137,177.0,9.385449218749953
138,178.0,7.202368164062412
139,179.0,7.790869140624999
140,180.0,7.813037109374976
141,181.0,8.094287109374976
142,182.0,7.354980468749926
143,183.0,7.51530761718743
144,184.0,6.784887695312486
145,185.0,8.017724609374925
146,186.0,7.61696777343744
147,187.0,7.652124023437414
148,188.0,7.976098632812442
149,189.0,7.851953124999987
150,190.0,7.320629882812416
151,191.0,7.276391601562419
152,192.0,6.854736328124928
153,193.0,6.758178710937497
154,194.0,6.628125
155,195.0,7.189819335937433
156,196.0,8.053125
157,197.0,7.139331054687437
158,198.0,7.061962890624922
159,199.0,8.017138671874969
160,200.0,6.79821777343744
161,201.0,7.671166992187494
162,202.0,8.349340820312474
163,203.0,7.65942382812498
164,204.0,7.7507568359374845
165,205.0,7.6784667968749565
166,206.0,7.839819335937434
167,207.0,7.44672851562496
168,208.0,8.208276367187455
169,209.0,7.547534179687424
170,210.0,7.4260253906249725
171,211.0,8.024414062499943
172,212.0,8.363061523437466
173,213.0,8.379052734374913
174,214.0,8.253930664062464
175,215.0,7.875561523437465
176,216.0,8.552612304687411
177,217.0,8.166186523437466
178,218.0,7.468994140624998
179,219.0,7.260302734374912
180,220.0,7.184936523437465
181,221.0,8.291870117187482
182,222.0,8.754663085937459
183,223.0,7.9149658203124735
184,224.0,8.59992675781243
185,225.0,9.502246093749966
186,226.0,8.306591796874956
187,227.0,7.649975585937408
188,228.0,7.8788085937499135
189,229.0,7.69067382812498
190,230.0,7.697705078124954
191,231.0,7.408642578124902
192,232.0,7.27006835937495
193,233.0,8.038525390624972
194,234.0,7.676660156249907
195,235.0,8.158520507812455
196,236.0,7.336059570312499
197,237.0,7.204541015624909
198,238.0,7.6144042968749055
199,239.0,7.5126708984374275
200,240.0,7.708618164062413
201,241.0,7.711914062499942
202,242.0,7.722534179687424
203,243.0,8.135913085937458
204,244.0,7.619189453124915
205,245.0,7.6760253906249725
206,246.0,7.460791015624909
207,247.0,8.125317382812467
208,248.0,8.228710937499955
209,249.0,7.967187499999949
210,250.0,8.062719726562406
211,251.0,7.757519531249971
212,252.0,8.27502441406249
213,253.0,9.7276367187499
214,254.0,7.640917968749978
215,255.0,8.844116210937447
216,256.0,8.631152343749939
217,257.0,8.225781249999974
218,258.0,10.860400390624973
219,259.0,9.952270507812454
220,260.0,9.965014648437453
221,261.0,11.891186523437465
222,262.0,10.174438476562432
223,263.0,9.881884765624934
224,264.0,9.032983398437478
225,265.0,9.257202148437402
226,266.0,8.072338867187405
227,267.0,8.038208007812404
228,268.0,7.969580078124953
229,269.0,8.62023925781248
230,270.0,8.255834960937472
231,271.0,8.210595703124993
232,272.0,8.292993164062413
233,273.0,8.629785156249907
234,274.0,7.978247070312448
235,275.0,8.078149414062489
