# Device: cuda 
# Device Name: GeForce GTX 860M 
# Total GPU memory: 2004.5 
,Dimension,Mean Time,Std Time,Mean Memory Used,Std Memory Used,Mean Memory Free,Std Memory Free
0,1,0.005258321762084961,0.0014740666409188228,788.6375,4.6000000000000005,1215.8625,4.6000000000000005
1,2,0.004771685600280762,0.0004844710518081771,768.2375,0.6000000000000001,1236.2625,0.6000000000000001
2,3,0.00545198917388916,0.001722872048508137,770.2375,0.6000000000000001,1234.2625,0.6000000000000001
3,4,0.005119609832763672,0.0010762271111931423,770.2375,0.6000000000000001,1234.2625,0.6000000000000001
4,5,0.005381965637207031,0.0010113659089218525,770.2375,0.6000000000000001,1234.2625,0.6000000000000001
5,6,0.005554485321044922,0.0010633223246407449,790.2375,0.6000000000000001,1214.2625,0.6000000000000001
6,7,0.005319380760192871,0.0010017194915819872,790.2375,0.6000000000000001,1214.2625,0.6000000000000001
7,8,0.00535893440246582,0.0010124270616636208,790.2375,0.6000000000000001,1214.2625,0.6000000000000001
8,9,0.005225253105163574,0.0008736209043098032,770.2375,0.6000000000000001,1234.2625,0.6000000000000001
9,10,0.004635739326477051,0.00027609244218098673,770.2375,0.6000000000000001,1234.2625,0.6000000000000001
10,11,0.005030083656311035,0.00048532359760129334,790.2375,0.6000000000000001,1214.2625,0.6000000000000001
11,12,0.005078697204589843,0.0004996165537538034,790.2375,0.6000000000000001,1214.2625,0.6000000000000001
12,13,0.005407977104187012,0.0009540702835238541,790.2375,0.6000000000000001,1214.2625,0.6000000000000001
13,14,0.005042505264282226,0.000509860501095445,790.2375,0.6000000000000001,1214.2625,0.6000000000000001
14,15,0.0054220914840698246,0.0007102862131747166,792.2375,0.6000000000000001,1212.2625,0.6000000000000001
15,16,0.0054646492004394535,0.0006847675557587121,792.2375,0.6000000000000001,1212.2625,0.6000000000000001
16,17,0.005372786521911621,0.0006708291283243403,790.2375,0.6000000000000001,1214.2625,0.6000000000000001
17,18,0.005094981193542481,0.0004325326025284328,790.2375,0.6000000000000001,1214.2625,0.6000000000000001
18,19,0.005083513259887695,0.0008056969727920836,790.2375,0.6000000000000001,1214.2625,0.6000000000000001
19,20,0.005405116081237793,0.0007770533198429608,790.2375,0.6000000000000001,1214.2625,0.6000000000000001
20,21,0.0054608345031738285,0.0007459210181863957,790.2375,0.6000000000000001,1214.2625,0.6000000000000001
21,22,0.005332732200622558,0.0008848891508113609,790.2375,0.6000000000000001,1214.2625,0.6000000000000001
22,23,0.005914211273193359,0.0013589037192743203,790.2375,0.6000000000000001,1214.2625,0.6000000000000001
23,24,0.005382251739501953,0.0009410141796140121,790.2375,0.6000000000000001,1214.2625,0.6000000000000001
24,25,0.005643367767333984,0.0009807484326056746,790.2375,0.6000000000000001,1214.2625,0.6000000000000001
25,26,0.005279755592346192,0.0010276602644345833,790.2375,0.6000000000000001,1214.2625,0.6000000000000001
26,27,0.005362319946289063,0.0007872504858363813,790.2375,0.6000000000000001,1214.2625,0.6000000000000001
27,28,0.00542762279510498,0.0010444745673955625,792.2375,0.6000000000000001,1212.2625,0.6000000000000001
28,29,0.005004119873046875,0.0005805471917650875,792.2375,0.6000000000000001,1212.2625,0.6000000000000001
29,30,0.0049771547317504885,0.0007716764328530774,792.2375,0.6000000000000001,1212.2625,0.6000000000000001
30,31,0.005140566825866699,0.0006705163708728651,792.2375,0.6000000000000001,1212.2625,0.6000000000000001
31,32,0.004797935485839844,0.00034883113481215907,792.2375,0.6000000000000001,1212.2625,0.6000000000000001
32,33,0.00504608154296875,0.0012488393931011635,790.2375,0.6000000000000001,1214.2625,0.6000000000000001
33,34,0.005236077308654785,0.0011044844010842927,790.2375,0.6000000000000001,1214.2625,0.6000000000000001
34,35,0.005011630058288574,0.000906777134909007,790.2375,0.6000000000000001,1214.2625,0.6000000000000001
35,36,0.004978823661804199,0.0009022946577591366,790.2375,0.6000000000000001,1214.2625,0.6000000000000001
36,37,0.005481505393981933,0.0016361784027043825,790.2375,0.6000000000000001,1214.2625,0.6000000000000001
37,38,0.005529141426086426,0.0006550481837557947,792.2375,0.6000000000000001,1212.2625,0.6000000000000001
38,39,0.005201864242553711,0.000991835249059808,792.2375,0.6000000000000001,1212.2625,0.6000000000000001
39,40,0.0052234411239624025,0.0010183595074308642,792.2375,0.6000000000000001,1212.2625,0.6000000000000001
40,41,0.005328941345214844,0.0009754700459453292,792.2375,0.6000000000000001,1212.2625,0.6000000000000001
41,42,0.005264377593994141,0.0009413292581648209,792.2375,0.6000000000000001,1212.2625,0.6000000000000001
42,43,0.005175876617431641,0.0010012028028878737,792.2375,0.6000000000000001,1212.2625,0.6000000000000001
43,44,0.005613636970520019,0.00119386665489842,792.2375,0.6000000000000001,1212.2625,0.6000000000000001
44,45,0.005048775672912597,0.0009363260964375366,792.2375,0.6000000000000001,1212.2625,0.6000000000000001
45,46,0.006092071533203125,0.000851809933023583,812.2375,0.6000000000000001,1192.2625,0.6000000000000001
46,47,0.004972410202026367,0.00027183228818119235,812.2375,0.6000000000000001,1192.2625,0.6000000000000001
47,48,0.005647635459899903,0.0007575150825494588,812.2375,0.6000000000000001,1192.2625,0.6000000000000001
48,49,0.005598282814025879,0.0014221789168877353,812.2375,0.6000000000000001,1192.2625,0.6000000000000001
49,50,0.005260848999023437,0.0010114246129254148,812.2375,0.6000000000000001,1192.2625,0.6000000000000001
50,51,0.005623078346252442,0.001050621882498051,804.2375,0.6000000000000001,1200.2625,0.6000000000000001
51,52,0.005605435371398926,0.0012462317312841279,804.2375,0.6000000000000001,1200.2625,0.6000000000000001
52,53,0.006105947494506836,0.0013216180422937283,806.2375,0.6000000000000001,1198.2625,0.6000000000000001
53,54,0.005810666084289551,0.000824142044507086,806.2375,0.6000000000000001,1198.2625,0.6000000000000001
54,55,0.005620193481445312,0.0008577186489346054,806.2375,0.6000000000000001,1198.2625,0.6000000000000001
55,56,0.005510854721069336,0.0007088298456663924,808.2375,0.6000000000000001,1196.2625,0.6000000000000001
56,57,0.005218243598937989,0.0006367111909732993,808.2375,0.6000000000000001,1196.2625,0.6000000000000001
57,58,0.005161166191101074,0.0005705724749939873,808.2375,0.6000000000000001,1196.2625,0.6000000000000001
58,59,0.0056534290313720705,0.0012191411815797885,808.2375,0.6000000000000001,1196.2625,0.6000000000000001
59,60,0.005332422256469726,0.0005136534798316197,810.2375,0.6000000000000001,1194.2625,0.6000000000000001
60,61,0.005539035797119141,0.00047574717637423477,810.2375,0.6000000000000001,1194.2625,0.6000000000000001
61,62,0.0056422710418701175,0.000657427481168455,810.2375,0.6000000000000001,1194.2625,0.6000000000000001
62,63,0.005539798736572265,0.0009691842349299262,810.2375,0.6000000000000001,1194.2625,0.6000000000000001
63,64,0.0057723760604858395,0.0012572299782584375,810.2375,0.6000000000000001,1194.2625,0.6000000000000001
64,65,0.0059207439422607425,0.001291694989260266,810.2375,0.6000000000000001,1194.2625,0.6000000000000001
65,66,0.005358600616455078,0.0012519232873342548,810.2375,0.6000000000000001,1194.2625,0.6000000000000001
66,67,0.005654025077819824,0.0010054450476591746,810.2375,0.6000000000000001,1194.2625,0.6000000000000001
67,68,0.0054438114166259766,0.0006808619094057029,832.2375,0.6000000000000001,1172.2625,0.6000000000000001
68,69,0.005536508560180664,0.0005709936302110395,832.2375,0.6000000000000001,1172.2625,0.6000000000000001
69,70,0.005229473114013672,0.0003295829311944014,832.2375,0.6000000000000001,1172.2625,0.6000000000000001
70,71,0.0054816722869873045,0.0005477265814419999,832.2375,0.6000000000000001,1172.2625,0.6000000000000001
71,72,0.0054615259170532225,0.0004992513174917777,836.2375,0.6000000000000001,1168.2625,0.6000000000000001
72,73,0.005389022827148438,0.00044616284583349656,836.2375,0.6000000000000001,1168.2625,0.6000000000000001
73,74,0.005302906036376953,0.0009072478442664457,834.2375,0.6000000000000001,1170.2625,0.6000000000000001
74,75,0.005496811866760254,0.001390625397692014,834.2375,0.6000000000000001,1170.2625,0.6000000000000001
75,76,0.005836701393127442,0.0018667762833712105,838.2375,0.6000000000000001,1166.2625,0.6000000000000001
76,77,0.00600130558013916,0.001488723375049393,838.2375,0.6000000000000001,1166.2625,0.6000000000000001
77,78,0.00572969913482666,0.0007258350742201792,838.2375,0.6000000000000001,1166.2625,0.6000000000000001
78,79,0.005650711059570312,0.001202794353525127,842.2375,0.6000000000000001,1162.2625,0.6000000000000001
79,80,0.005349302291870117,0.001015316100220491,842.2375,0.6000000000000001,1162.2625,0.6000000000000001
80,81,0.005802345275878906,0.001195643196508347,842.2375,0.6000000000000001,1162.2625,0.6000000000000001
81,82,0.0052781343460083004,0.0009238354118856989,846.2375,0.6000000000000001,1158.2625,0.6000000000000001
82,83,0.006126689910888672,0.0023966118692865337,846.2375,0.6000000000000001,1158.2625,0.6000000000000001
83,84,0.00625002384185791,0.0018936733015307294,846.2375,0.6000000000000001,1158.2625,0.6000000000000001
84,85,0.006016731262207031,0.0012661846123520643,870.2375,0.6000000000000001,1134.2625,0.6000000000000001
85,86,0.0058487653732299805,0.0009701559962940847,870.2375,0.6000000000000001,1134.2625,0.6000000000000001
86,87,0.005796480178833008,0.0007470706977509186,870.2375,0.6000000000000001,1134.2625,0.6000000000000001
87,88,0.005800175666809082,0.0007224596515976566,874.2375,0.6000000000000001,1130.2625,0.6000000000000001
88,89,0.005791997909545899,0.0011662940167199913,874.2375,0.6000000000000001,1130.2625,0.6000000000000001
89,90,0.006493043899536133,0.0023814247375421814,874.2375,0.6000000000000001,1130.2625,0.6000000000000001
90,91,0.006092691421508789,0.00167904389143551,878.2375,0.6000000000000001,1126.2625,0.6000000000000001
91,92,0.006416845321655274,0.0013411797811787988,878.2375,0.6000000000000001,1126.2625,0.6000000000000001
92,93,0.006509518623352051,0.0016587815323391047,878.2375,0.6000000000000001,1126.2625,0.6000000000000001
93,94,0.005691027641296387,0.0007362042325611982,882.2375,0.6000000000000001,1122.2625,0.6000000000000001
94,95,0.005675268173217773,0.0007868922386577365,882.2375,0.6000000000000001,1122.2625,0.6000000000000001
95,96,0.005446791648864746,0.0005467041812556916,882.2375,0.6000000000000001,1122.2625,0.6000000000000001
96,97,0.00623009204864502,0.0011985981563687835,886.2375,0.6000000000000001,1118.2625,0.6000000000000001
97,98,0.0055133581161499025,0.0007150737534912457,886.2375,0.6000000000000001,1118.2625,0.6000000000000001
98,99,0.005709409713745117,0.0006610453390816084,890.2375,0.6000000000000001,1114.2625,0.6000000000000001
99,100,0.005832529067993164,0.0007148595920896569,890.2375,0.6000000000000001,1114.2625,0.6000000000000001
100,101,0.005563664436340332,0.00046807204796992256,890.2375,0.6000000000000001,1114.2625,0.6000000000000001
101,102,0.005607771873474121,0.0005901812375376687,886.2375,0.6000000000000001,1118.2625,0.6000000000000001
102,103,0.005516839027404785,0.0004927613949946777,886.2375,0.6000000000000001,1118.2625,0.6000000000000001
103,104,0.005529999732971191,0.0005423535256964926,890.2375,0.6000000000000001,1114.2625,0.6000000000000001
104,105,0.00549626350402832,0.00022086598398081644,902.2375,0.6000000000000001,1102.2625,0.6000000000000001
105,106,0.005773615837097168,0.0004488050512962449,902.2375,0.6000000000000001,1102.2625,0.6000000000000001
106,107,0.005700373649597168,0.0005242470812388956,902.2375,0.6000000000000001,1102.2625,0.6000000000000001
107,108,0.005674171447753906,0.0004121689594650837,906.2375,0.6000000000000001,1098.2625,0.6000000000000001
108,109,0.005862283706665039,0.0005038690643504406,910.2375,0.6000000000000001,1094.2625,0.6000000000000001
109,110,0.005552244186401367,0.0003451420476749611,906.2375,0.6000000000000001,1098.2625,0.6000000000000001
110,111,0.005644536018371582,0.0003101604046550202,918.2375,0.6000000000000001,1086.2625,0.6000000000000001
111,112,0.005773353576660156,0.0005952510753096734,918.2375,0.6000000000000001,1086.2625,0.6000000000000001
112,113,0.0062525272369384766,0.0011635956162205315,918.2375,0.6000000000000001,1086.2625,0.6000000000000001
113,114,0.005625367164611816,0.00027382942603999816,922.2375,0.6000000000000001,1082.2625,0.6000000000000001
114,115,0.005674672126770019,0.0003925660196134315,922.2375,0.6000000000000001,1082.2625,0.6000000000000001
115,116,0.0058324337005615234,0.0007175818606742764,926.2375,0.6000000000000001,1078.2625,0.6000000000000001
116,117,0.005820178985595703,0.00047419806202883726,926.2375,0.6000000000000001,1078.2625,0.6000000000000001
117,118,0.005765461921691894,0.0006788050235201706,930.2375,0.6000000000000001,1074.2625,0.6000000000000001
118,119,0.005869626998901367,0.0006554293170729425,930.2375,0.6000000000000001,1074.2625,0.6000000000000001
119,120,0.005856513977050781,0.0003999747488513649,938.2375,0.6000000000000001,1066.2625,0.6000000000000001
120,121,0.0058402538299560545,0.0005113621649085986,942.2375,0.6000000000000001,1062.2625,0.6000000000000001
121,122,0.0059082269668579105,0.0006876477358793836,946.2375,0.6000000000000001,1058.2625,0.6000000000000001
122,123,0.0056583166122436525,0.0005332711940318531,942.2375,0.6000000000000001,1062.2625,0.6000000000000001
123,124,0.006069207191467285,0.0010190745686057643,950.2375,0.6000000000000001,1054.2625,0.6000000000000001
124,125,0.005871319770812988,0.0010890071099458828,950.2375,0.6000000000000001,1054.2625,0.6000000000000001
125,126,0.005460000038146973,0.0006800556651112473,950.2375,0.6000000000000001,1054.2625,0.6000000000000001
126,127,0.005414557456970215,0.0004674484185200948,954.2375,0.6000000000000001,1050.2625,0.6000000000000001
127,128,0.005509567260742187,0.0005144208989335024,954.2375,0.6000000000000001,1050.2625,0.6000000000000001
128,129,0.005919241905212402,0.0008729791419325847,960.1125,0.5706356105256665,1044.3875,0.5706356105256665
129,130,0.005494308471679687,0.0003191686428060918,964.1125,0.5706356105256665,1040.3875,0.5706356105256665
130,131,0.005869936943054199,0.0008590920754269924,964.1125,0.5706356105256665,1040.3875,0.5706356105256665
131,132,0.005681061744689941,0.00047381837196174833,968.1125,0.5706356105256665,1036.3875,0.5706356105256665
132,133,0.005770540237426758,0.000628915224446635,968.1125,0.5706356105256665,1036.3875,0.5706356105256665
133,134,0.005568504333496094,0.00039017281691003093,972.1125,0.5706356105256665,1032.3875,0.5706356105256665
134,135,0.005660390853881836,0.0005724155434530301,972.1125,0.5706356105256665,1032.3875,0.5706356105256665
135,136,0.005350303649902344,0.00017537218237027773,978.1125,0.5706356105256665,1026.3875,0.5706356105256665
136,137,0.005460691452026367,0.0002948884858062453,978.1125,0.5706356105256665,1026.3875,0.5706356105256665
137,138,0.0059163570404052734,0.0006501735502321294,982.1125,0.5706356105256665,1022.3875,0.5706356105256665
138,139,0.006110095977783203,0.0005516067538827192,982.1125,0.5706356105256665,1022.3875,0.5706356105256665
139,140,0.006211972236633301,0.001440711648001992,986.1125,0.5706356105256665,1018.3875,0.5706356105256665
140,141,0.005869364738464356,0.0005446262609283944,986.1125,0.5706356105256665,1018.3875,0.5706356105256665
141,142,0.006225442886352539,0.0005216486731766531,990.1125,0.5706356105256665,1014.3875,0.5706356105256665
142,143,0.005896162986755371,0.0007038406722904879,990.1125,0.5706356105256665,1014.3875,0.5706356105256665
143,144,0.006134295463562011,0.0008080944242157783,1018.1125,0.5706356105256665,986.3875,0.5706356105256665
144,145,0.006200647354125977,0.0005823109156121288,1022.1125,0.5706356105256665,982.3875,0.5706356105256665
145,146,0.006537890434265137,0.0010740300540878467,1022.1125,0.5706356105256665,982.3875,0.5706356105256665
146,147,0.005907082557678222,0.0003512704265421182,1026.1125,0.5706356105256665,978.3875,0.5706356105256665
147,148,0.006748366355895996,0.0013601050789886977,1026.1125,0.5706356105256665,978.3875,0.5706356105256665
148,149,0.007100105285644531,0.0015851421096103272,1030.1125,0.5706356105256665,974.3875,0.5706356105256665
149,150,0.007012486457824707,0.001594983744273782,1030.1125,0.5706356105256665,974.3875,0.5706356105256665
150,151,0.0065776586532592775,0.0009948968830194116,1038.1125,0.5706356105256665,966.3875,0.5706356105256665
151,152,0.006326198577880859,0.0007214846702464406,1042.1125,0.5706356105256665,962.3875,0.5706356105256665
152,153,0.006027793884277344,0.0006315972062383094,1042.1125,0.5706356105256665,962.3875,0.5706356105256665
153,154,0.006855034828186035,0.0016558235868992968,1046.1125,0.5706356105256665,958.3875,0.5706356105256665
154,155,0.006862640380859375,0.001441707645748942,1046.1125,0.5706356105256665,958.3875,0.5706356105256665
155,156,0.006435370445251465,0.0013942446101410171,1050.1125,0.5706356105256665,954.3875,0.5706356105256665
156,157,0.006308078765869141,0.0005505537028564916,1058.1125,0.5706356105256665,946.3875,0.5706356105256665
157,158,0.006582951545715332,0.0009559194390551556,1058.1125,0.5706356105256665,946.3875,0.5706356105256665
158,159,0.006313776969909668,0.0010819999284292243,1062.1125,0.5706356105256665,942.3875,0.5706356105256665
159,160,0.006501579284667968,0.001353175634710348,1062.1125,0.5706356105256665,942.3875,0.5706356105256665
160,161,0.006104135513305664,0.0005939233849074187,1066.1125,0.5706356105256665,938.3875,0.5706356105256665
161,162,0.006396436691284179,0.0006793869856142312,1070.1125,0.5706356105256665,934.3875,0.5706356105256665
162,163,0.006347274780273438,0.0007103966184561357,1070.1125,0.5706356105256665,934.3875,0.5706356105256665
163,164,0.006029653549194336,0.0004260447922209355,1078.1125,0.5706356105256665,926.3875,0.5706356105256665
164,165,0.006140446662902832,0.00046888779387848587,1082.1125,0.5706356105256665,922.3875,0.5706356105256665
165,166,0.007085132598876953,0.0009255113810698723,1102.1125,0.5706356105256665,902.3875,0.5706356105256665
166,167,0.007339668273925781,0.0007958156662731233,1106.1125,0.5706356105256665,898.3875,0.5706356105256665
167,168,0.007134485244750977,0.0005419732671418948,1110.1125,0.5706356105256665,894.3875,0.5706356105256665
168,169,0.006604719161987305,0.000481669955146277,1110.1125,0.5706356105256665,894.3875,0.5706356105256665
169,170,0.006706500053405761,0.0009219818804772186,1118.1125,0.5706356105256665,886.3875,0.5706356105256665
170,171,0.0066231489181518555,0.0005626282157720932,1122.1125,0.5706356105256665,882.3875,0.5706356105256665
171,172,0.008290314674377441,0.005499889276413532,1122.1125,0.5706356105256665,882.3875,0.5706356105256665
172,173,0.0066558122634887695,0.0006703809180181345,1126.1125,0.5706356105256665,878.3875,0.5706356105256665
173,174,0.006968116760253907,0.0010055853543733636,1130.1125,0.5706356105256665,874.3875,0.5706356105256665
174,175,0.007332897186279297,0.001684119169375243,1130.1125,0.5706356105256665,874.3875,0.5706356105256665
175,176,0.0072013139724731445,0.001414492953175252,1138.1125,0.5706356105256665,866.3875,0.5706356105256665
176,177,0.009165477752685548,0.005652942807974053,1142.1125,0.5706356105256665,862.3875,0.5706356105256665
177,178,0.0070335626602172855,0.001453723679123201,1142.1125,0.5706356105256665,862.3875,0.5706356105256665
178,179,0.007608270645141602,0.001510238227412991,1146.1125,0.5706356105256665,858.3875,0.5706356105256665
179,180,0.007629919052124024,0.0024215658961117296,1150.1125,0.5706356105256665,854.3875,0.5706356105256665
180,181,0.007904577255249023,0.0034140557416155533,1150.1125,0.5706356105256665,854.3875,0.5706356105256665
181,182,0.007182598114013672,0.0018481753645611678,1158.1125,0.5706356105256665,846.3875,0.5706356105256665
182,183,0.007339167594909668,0.0007965786305548159,1162.1125,0.5706356105256665,842.3875,0.5706356105256665
183,184,0.006625866889953614,0.0005017845850544673,1166.1125,0.5706356105256665,838.3875,0.5706356105256665
184,185,0.007829809188842773,0.0034807944167137657,1166.1125,0.5706356105256665,838.3875,0.5706356105256665
185,186,0.007438445091247558,0.0013870920106549463,1170.1125,0.5706356105256665,834.3875,0.5706356105256665
186,187,0.007472777366638183,0.001300117391115736,1178.1875,0.5244044240850758,826.3125,0.5244044240850758
187,188,0.007789158821105957,0.001731649990034196,1182.1375,0.5454356057317857,822.3625,0.5454356057317857
188,189,0.007667922973632812,0.0016142650672544279,1182.1375,0.5454356057317857,822.3625,0.5454356057317857
189,190,0.007149052619934082,0.0013286131034467837,1186.1625,0.5414101956926929,818.3375,0.5414101956926929
190,191,0.0071058511734008786,0.0013449989335198424,1190.1375,0.5454356057317857,814.3625,0.5454356057317857
191,192,0.00669407844543457,0.0006230318252410093,1190.1625,0.5414101956926929,814.3375,0.5414101956926929
192,193,0.006599783897399902,0.000553052843760575,1198.1625,0.5414101956926929,806.3375,0.5414101956926929
193,194,0.0064727783203125,0.0004374849930758828,1202.2375,0.5454356057317857,802.2625,0.5454356057317857
194,195,0.007021307945251465,0.0011358284292129347,1206.3,0.5257435211203273,798.2,0.5257435211203273
195,196,0.0078643798828125,0.0021548328375313084,1210.3,0.5927952850689688,794.2,0.5927952850689688
196,197,0.006972002983093262,0.001226310878764941,1210.3125,0.6349212549600147,794.1875,0.6349212549600147
197,198,0.006896448135375976,0.0007006724999553499,1218.3125,0.6349212549600147,786.1875,0.6349212549600147
198,199,0.007829236984252929,0.0015470010359834407,1222.3125,0.6446898479113814,782.1875,0.6446898479113814
199,200,0.006638884544372559,0.0004923478885529999,1226.3375,0.6726812023536856,778.1625,0.6726812023536854
200,201,0.007491374015808105,0.00187575705043055,1226.3375,0.6726812023536856,778.1625,0.6726812023536854
201,202,0.008153653144836426,0.004149748419428531,1230.3625,0.7075485849042453,774.1375,0.7075485849042453
202,203,0.00747990608215332,0.0010085329375710585,1234.375,0.7272594103894429,770.125,0.7272594103894429
203,204,0.0075690984725952145,0.0011077614885335377,1242.3375,0.6726812023536856,762.1625,0.6726812023536854
204,205,0.007498502731323242,0.0006929058059545676,1246.3625,0.7075485849042453,758.1375,0.7075485849042453
205,206,0.007656073570251465,0.0005885512831256423,1246.3375,0.6726812023536856,758.1625,0.6726812023536854
206,207,0.007272195816040039,0.000495060845961306,1250.3375,0.6726812023536856,754.1625,0.6726812023536854
207,208,0.008015894889831543,0.0019617867397508635,1258.35,0.6893157839481119,746.15,0.6893157839481118
208,209,0.007370638847351074,0.0006780323932827598,1262.3375,0.6726812023536856,742.1625,0.6726812023536854
209,210,0.0072519779205322266,0.0005604965738799747,1266.3375,0.6726812023536856,738.1625,0.6726812023536854
210,211,0.007836341857910156,0.0011090261208965624,1266.3375,0.6726812023536856,738.1625,0.6726812023536854
211,212,0.008167052268981933,0.0028152723973670062,1270.3375,0.6726812023536856,734.1625,0.6726812023536854
212,213,0.008182668685913086,0.0029070738215534733,1278.3375,0.6726812023536856,726.1625,0.6726812023536854
213,214,0.008060479164123535,0.0023527737135001646,1282.3375,0.6726812023536856,722.1625,0.6726812023536854
214,215,0.007690978050231933,0.0013350539136591454,1286.3375,0.6726812023536856,718.1625,0.6726812023536854
215,216,0.008352160453796387,0.004501938961301276,1290.3625,0.7075485849042453,714.1375,0.7075485849042453
216,217,0.007974791526794433,0.0014415499338440803,1290.3375,0.6726812023536856,714.1625,0.6726812023536854
217,218,0.0072939395904541016,0.0005885787170663997,1298.3375,0.6726812023536856,706.1625,0.6726812023536854
218,219,0.007090139389038086,0.0005029075933306314,1302.2875,0.6041522986797286,702.2125,0.6041522986797286
219,220,0.007016539573669434,0.00030185238881112264,1306.2875,0.6041522986797286,698.2125,0.6041522986797286
220,221,0.008097529411315918,0.001684294380358213,1310.2875,0.6041522986797286,694.2125,0.6041522986797286
221,222,0.00854947566986084,0.0029026311923082844,1326.2875,0.6041522986797286,678.2125,0.6041522986797286
222,223,0.007729458808898926,0.0016860644099977841,1332.2875,0.6041522986797286,672.2125,0.6041522986797286
223,224,0.00839836597442627,0.0019529390731165641,1332.2875,0.6041522986797286,672.2125,0.6041522986797286
224,225,0.009279537200927734,0.0037290125962177734,1336.2625,0.5706356105256665,668.2375,0.5706356105256665
225,226,0.008111906051635743,0.0018285165669731129,1340.2625,0.5706356105256665,664.2375,0.5706356105256665
226,227,0.00747067928314209,0.000564472761176806,1348.2625,0.5706356105256665,656.2375,0.5706356105256665
227,228,0.007694149017333984,0.0007388563931570586,1352.2625,0.5706356105256665,652.2375,0.5706356105256665
228,229,0.00751042366027832,0.0007384585802172003,1356.2625,0.5706356105256665,648.2375,0.5706356105256665
229,230,0.007517290115356445,0.0005601093832826662,1360.2625,0.5706356105256665,644.2375,0.5706356105256665
230,231,0.007235002517700195,0.0005600068626066167,1368.2125,0.5297405025104273,636.2875,0.5297405025104273
231,232,0.007099676132202149,0.0004757946515356119,1372.2125,0.5297405025104273,632.2875,0.5297405025104273
232,233,0.007850122451782227,0.000984254181724293,1376.2125,0.5297405025104273,628.2875,0.5297405025104273
233,234,0.00749673843383789,0.0006009987443630761,1376.2125,0.5297405025104273,628.2875,0.5297405025104273
234,235,0.007967305183410645,0.0013310784191645352,1380.2125,0.5297405025104273,624.2875,0.5297405025104273
235,236,0.007164120674133301,0.0004788160537786583,1388.2125,0.5297405025104273,616.2875,0.5297405025104273
236,237,0.007035684585571289,0.0005483990719405375,1392.2125,0.5297405025104273,612.2875,0.5297405025104273
237,238,0.007435941696166992,0.0006836572266647806,1396.2125,0.5297405025104273,608.2875,0.5297405025104273
238,239,0.0073365926742553714,0.0007527146747592184,1400.2125,0.5297405025104273,604.2875,0.5297405025104273
239,240,0.007527947425842285,0.0005867672878926978,1416.1625,0.5297405025104273,588.3375,0.5297405025104273
240,241,0.007531166076660156,0.0005539589987813255,1422.1625,0.5297405025104273,582.3375,0.5297405025104273
241,242,0.007541537284851074,0.0006787021891923174,1426.1625,0.5297405025104273,578.3375,0.5297405025104273
242,243,0.00794522762298584,0.001128836421039681,1430.175,0.5257435211203273,574.325,0.5257435211203273
243,244,0.007440614700317383,0.0006429217772885924,1438.1375,0.5567764362830022,566.3625,0.5567764362830022
244,245,0.0074961185455322266,0.000979164141655124,1442.1375,0.5567764362830022,562.3625,0.5567764362830022
245,246,0.007285928726196289,0.0004221041359102746,1446.1375,0.5567764362830022,558.3625,0.5567764362830022
246,247,0.007934880256652833,0.0011663761764553406,1450.1375,0.5567764362830022,554.3625,0.5567764362830022
247,248,0.008035850524902344,0.00051934531211557,1458.1375,0.5567764362830022,546.3625,0.5567764362830022
248,249,0.00778045654296875,0.0014042837073310677,1462.1375,0.5567764362830022,542.3625,0.5567764362830022
249,250,0.007873749732971192,0.0007947183251114461,1466.1375,0.5567764362830022,538.3625,0.5567764362830022
250,251,0.007575702667236328,0.0007655159004645773,1470.1375,0.5567764362830022,534.3625,0.5567764362830022
251,252,0.00808107852935791,0.0007977247608695233,1478.1375,0.5567764362830022,526.3625,0.5567764362830022
252,253,0.009499645233154297,0.0030332118117690422,1482.1375,0.5567764362830022,522.3625,0.5567764362830022
253,254,0.007461833953857422,0.000500257903068897,1486.1375,0.5567764362830022,518.3625,0.5567764362830022
254,255,0.008636832237243652,0.0009891734245851174,1490.1375,0.5567764362830022,514.3625,0.5567764362830022
255,256,0.008428859710693359,0.000916273778870789,1490.1375,0.5567764362830022,514.3625,0.5567764362830022
256,257,0.008032989501953126,0.0008083011440128099,1510.1375,0.5567764362830022,494.3625,0.5567764362830022
257,258,0.010605859756469726,0.003346416860774846,1516.1375,0.5567764362830022,488.3625,0.5567764362830022
258,259,0.009719014167785645,0.002618946967628739,1520.1375,0.5567764362830022,484.3625,0.5567764362830022
259,260,0.009731459617614745,0.002062991504643085,1528.1375,0.5567764362830022,476.3625,0.5567764362830022
260,261,0.011612486839294434,0.00440822549930053,1532.1375,0.5567764362830022,472.3625,0.5567764362830022
261,262,0.009935975074768066,0.002574646158620893,1536.1375,0.5567764362830022,468.3625,0.5567764362830022
262,263,0.009650278091430663,0.0018124402487417958,1540.1375,0.5567764362830022,464.3625,0.5567764362830022
263,264,0.00882127285003662,0.0010814591766300163,1548.1375,0.5567764362830022,456.3625,0.5567764362830022
264,265,0.009040236473083496,0.0005319215987588974,1554.1375,0.5567764362830022,450.3625,0.5567764362830022
265,266,0.007883143424987794,0.0006472787627208573,1558.15,0.5535397456371133,446.35,0.5535397456371133
266,267,0.007849812507629395,0.0010441674285971568,1562.1375,0.5567764362830022,442.3625,0.5567764362830022
267,268,0.007782793045043946,0.000650881683432622,1570.175,0.5257435211203273,434.325,0.5257435211203273
268,269,0.00841820240020752,0.0017619427911112397,1574.2,0.5954252681907277,430.3,0.5954252681907277
269,270,0.008062338829040528,0.000648464826538743,1578.15,0.5756789469834728,426.35,0.5756789469834728
270,271,0.008018159866333007,0.0006516605592105019,1582.1375,0.5567764362830022,422.3625,0.5567764362830022
271,272,0.008098626136779785,0.0007303671530238108,1598.1375,0.5567764362830022,406.3625,0.5567764362830022
272,273,0.00842752456665039,0.0010419063173889782,1604.1375,0.5567764362830022,400.3625,0.5567764362830022
273,274,0.007791256904602051,0.0006864646041673029,1608.1375,0.5567764362830022,396.3625,0.5567764362830022
274,275,0.00788881778717041,0.0005936504218249805,1612.1375,0.5567764362830022,392.3625,0.5567764362830022
