# Device: cuda 
# Device Name: GeForce GTX 860M 
# Total GPU memory: 2004.5 
,Patch Dimension,Full Image (100x100) Processing Time:
0,40.0,0.2818206787109312
1,41.0,0.2818206787109312
2,42.0,0.0711311340332016
3,43.0,0.0711311340332016
4,44.0,0.0711311340332016
5,45.0,0.0711311340332016
6,46.0,0.0711311340332016
7,47.0,0.0711311340332016
8,48.0,0.0711311340332016
9,49.0,0.0711311340332016
10,50.0,0.0711311340332016
11,51.0,0.0711311340332016
12,52.0,0.0711311340332016
13,53.0,0.0711311340332016
14,54.0,0.0711311340332016
15,55.0,0.0711311340332016
16,56.0,0.0711311340332016
17,57.0,0.0711311340332016
18,58.0,0.0711311340332016
19,59.0,0.0711311340332016
20,60.0,0.0711311340332016
21,61.0,0.0711311340332016
22,62.0,0.0199469566345212
23,63.0,0.0199469566345212
24,64.0,0.0199469566345212
25,65.0,0.0199469566345212
26,66.0,0.0199469566345212
27,67.0,0.0199469566345212
28,68.0,0.0199469566345212
29,69.0,0.0199469566345212
30,70.0,0.0199469566345212
31,71.0,0.0199469566345212
32,72.0,0.0199469566345212
33,73.0,0.0199469566345212
34,74.0,0.0199469566345212
35,75.0,0.0199469566345212
36,76.0,0.0199469566345212
37,77.0,0.0199469566345212
38,78.0,0.0199469566345212
39,79.0,0.0199469566345212
40,80.0,0.0199469566345212
41,81.0,0.0199469566345212
42,82.0,0.0199469566345212
43,83.0,0.0199469566345212
44,84.0,0.0199469566345212
45,85.0,0.0199469566345212
46,86.0,0.0199469566345212
47,87.0,0.0199469566345212
48,88.0,0.0199469566345212
49,89.0,0.0199469566345212
50,90.0,0.0199469566345212
51,91.0,0.0199469566345212
52,92.0,0.0199469566345212
53,93.0,0.0199469566345212
54,94.0,0.0199469566345212
55,95.0,0.0199469566345212
56,96.0,0.0199469566345212
57,97.0,0.0199469566345212
58,98.0,0.0199469566345212
59,99.0,0.0199469566345212
60,100.0,0.0199469566345212
