# Device: cuda 
# Device Name: GeForce GTX 860M 
# Total GPU memory: 2004.5 
,Dimension,Mean Time,Std Time,Mean Memory Used,Std Memory Used,Mean Memory Free,Std Memory Free
0,1,0.005165266990661621,0.000874754141051191,771.5125,10.173986436004325,1232.9875,10.173986436004325
1,2,0.004594182968139649,0.0007560228196159785,751.0875,10.192797702299405,1253.4125,10.192797702299405
2,3,0.004862666130065918,0.0007280528016171065,753.0875,10.192797702299405,1251.4125,10.192797702299405
3,4,0.005053901672363281,0.0009348192932773716,753.0875,10.192797702299405,1251.4125,10.192797702299405
4,5,0.005005288124084473,0.0008554445132353368,753.0875,10.192797702299405,1251.4125,10.192797702299405
5,6,0.005074548721313477,0.000829338983196078,773.0875,10.192797702299405,1231.4125,10.192797702299405
6,7,0.005132794380187988,0.0008577301170350954,773.0875,10.192797702299405,1231.4125,10.192797702299405
7,8,0.005035495758056641,0.0007937943433329356,773.0875,10.192797702299405,1231.4125,10.192797702299405
8,9,0.0044536590576171875,0.00025122384140724327,753.0875,10.192797702299405,1251.4125,10.192797702299405
9,10,0.004562568664550781,0.0002719467738550306,753.0875,10.192797702299405,1251.4125,10.192797702299405
10,11,0.004915189743041992,0.0005667022939519141,773.0875,10.192797702299405,1231.4125,10.192797702299405
11,12,0.004877257347106934,0.0006590556706642098,773.0875,10.192797702299405,1231.4125,10.192797702299405
12,13,0.005056905746459961,0.0008766672084058187,773.1125,10.208942158715564,1231.3875,10.208942158715564
13,14,0.004596924781799317,0.000253742442039615,773.1125,10.208942158715564,1231.3875,10.208942158715564
14,15,0.004712986946105957,0.00018805601665616357,775.1125,10.208942158715564,1229.3875,10.208942158715564
15,16,0.004728531837463379,0.0001753309043946123,775.1125,10.208942158715564,1229.3875,10.208942158715564
16,17,0.004613161087036133,0.000289729549490963,773.1125,10.208942158715564,1231.3875,10.208942158715564
17,18,0.004766726493835449,0.0006972973238970197,773.1125,10.208942158715564,1231.3875,10.208942158715564
18,19,0.004578065872192383,0.00021912926442246746,773.1125,10.208942158715564,1231.3875,10.208942158715564
19,20,0.004358625411987305,7.674850709352822e-05,773.1125,10.208942158715564,1231.3875,10.208942158715564
20,21,0.004490256309509277,0.00017927518007024122,773.1125,10.208942158715564,1231.3875,10.208942158715564
21,22,0.004384374618530274,9.410935516797122e-05,773.1125,10.208942158715564,1231.3875,10.208942158715564
22,23,0.004648637771606445,0.0005739308167378597,773.1125,10.208942158715564,1231.3875,10.208942158715564
23,24,0.004391384124755859,0.00010062392790696362,773.1125,10.208942158715564,1231.3875,10.208942158715564
24,25,0.004650139808654785,0.0002616813823596507,773.1375,10.170760787669721,1231.3625,10.170760787669721
25,26,0.00441586971282959,0.0001405026498567488,773.125,10.1893403245745,1231.375,10.1893403245745
26,27,0.004434728622436523,8.23458702119224e-05,773.125,10.1893403245745,1231.375,10.1893403245745
27,28,0.0045929431915283205,0.00011008107763352875,775.125,10.1893403245745,1229.375,10.1893403245745
28,29,0.004562783241271973,0.00039369003940350024,775.125,10.1893403245745,1229.375,10.1893403245745
29,30,0.004436206817626953,9.025589047287547e-05,775.125,10.1893403245745,1229.375,10.1893403245745
30,31,0.004425573348999024,4.528783346051789e-05,775.125,10.1893403245745,1229.375,10.1893403245745
31,32,0.004403448104858399,5.451942207448599e-05,775.125,10.1893403245745,1229.375,10.1893403245745
32,33,0.004248595237731934,2.8718198263042003e-05,773.125,10.1893403245745,1231.375,10.1893403245745
33,34,0.004363656044006348,6.458118564651721e-05,773.125,10.1893403245745,1231.375,10.1893403245745
34,35,0.0044375181198120115,0.0002615974683926741,773.125,10.1893403245745,1231.375,10.1893403245745
35,36,0.00443120002746582,0.00015740013955779835,773.125,10.1893403245745,1231.375,10.1893403245745
36,37,0.004597115516662598,0.0004133117248438273,773.125,10.1893403245745,1231.375,10.1893403245745
37,38,0.00482480525970459,0.0002041992998263575,775.125,10.1893403245745,1229.375,10.1893403245745
38,39,0.004490256309509277,9.521849744939866e-05,775.125,10.1893403245745,1229.375,10.1893403245745
39,40,0.004445695877075195,4.852824961904884e-05,775.125,10.1893403245745,1229.375,10.1893403245745
40,41,0.004432106018066406,3.086580589979625e-05,775.125,10.1893403245745,1229.375,10.1893403245745
41,42,0.004451632499694824,5.156671996351687e-05,775.125,10.1893403245745,1229.375,10.1893403245745
42,43,0.004615688323974609,0.00032066909262973894,775.125,10.1893403245745,1229.375,10.1893403245745
43,44,0.004475712776184082,5.4076282355230175e-05,775.125,10.1893403245745,1229.375,10.1893403245745
44,45,0.004439544677734375,4.948857610851926e-05,775.125,10.1893403245745,1229.375,10.1893403245745
45,46,0.0047142267227172855,0.0001778591877621195,795.125,10.1893403245745,1209.375,10.1893403245745
46,47,0.00489964485168457,0.0005410408099516484,795.125,10.1893403245745,1209.375,10.1893403245745
47,48,0.004694223403930664,0.00017652937293007577,795.125,10.1893403245745,1209.375,10.1893403245745
48,49,0.004634737968444824,4.40136776420664e-05,795.125,10.1893403245745,1209.375,10.1893403245745
49,50,0.004914045333862305,0.0005072344484104832,795.125,10.1893403245745,1209.375,10.1893403245745
50,51,0.004637718200683594,5.198968459414777e-05,787.15,10.151054440303234,1217.35,10.151054440303234
51,52,0.0046653270721435545,0.00013649449285974393,787.15,10.151054440303234,1217.35,10.151054440303234
52,53,0.004796528816223144,8.006672741849846e-05,789.15,10.151054440303234,1215.35,10.151054440303234
53,54,0.004806041717529297,4.23043520150549e-05,789.15,10.151054440303234,1215.35,10.151054440303234
54,55,0.004968619346618653,0.0005389145070555281,789.15,10.151054440303234,1215.35,10.151054440303234
55,56,0.004820322990417481,9.114106141367009e-05,791.15,10.151054440303234,1213.35,10.151054440303234
56,57,0.004689931869506836,0.00017968562961108962,791.15,10.151054440303234,1213.35,10.151054440303234
57,58,0.004793095588684082,0.00043380171101418594,791.15,10.151054440303234,1213.35,10.151054440303234
58,59,0.00509033203125,0.0007380380665484722,791.15,10.151054440303234,1213.35,10.151054440303234
59,60,0.0049867391586303714,0.0005707428704759329,793.125,10.133985210666138,1211.375,10.133985210666138
60,61,0.004845070838928223,0.00022846141215075312,793.125,10.133985210666138,1211.375,10.133985210666138
61,62,0.0048015832901000975,9.008380598378732e-05,793.125,10.133985210666138,1211.375,10.133985210666138
62,63,0.004850125312805176,0.00021485931146623887,793.125,10.133985210666138,1211.375,10.133985210666138
63,64,0.004774665832519532,7.044138954917188e-05,793.125,10.133985210666138,1211.375,10.133985210666138
64,65,0.004683184623718262,0.00026037199633796153,793.125,10.133985210666138,1211.375,10.133985210666138
65,66,0.004600834846496582,4.651082082664896e-05,793.125,10.133985210666138,1211.375,10.133985210666138
66,67,0.004803156852722168,0.0005226269302815656,793.125,10.133985210666138,1211.375,10.133985210666138
67,68,0.0047808408737182615,4.951857463502136e-05,815.125,10.133985210666138,1189.375,10.133985210666138
68,69,0.00481882095336914,0.00012694020439098794,815.125,10.133985210666138,1189.375,10.133985210666138
69,70,0.004784679412841797,2.9004519225616697e-05,815.125,10.133985210666138,1189.375,10.133985210666138
70,71,0.00478672981262207,4.621902658166558e-05,815.125,10.133985210666138,1189.375,10.133985210666138
71,72,0.004805254936218262,5.045232894859661e-05,819.125,10.133985210666138,1185.375,10.133985210666138
72,73,0.0048370838165283205,0.00012927792316003687,819.125,10.133985210666138,1185.375,10.133985210666138
73,74,0.004756116867065429,0.00022077033116941612,817.125,10.133985210666138,1187.375,10.133985210666138
74,75,0.004707717895507812,0.0001487404530519186,817.125,10.133985210666138,1187.375,10.133985210666138
75,76,0.004956269264221191,0.0008371987893088,821.125,10.133985210666138,1183.375,10.133985210666138
76,77,0.004740691184997559,0.0003111768098674923,821.125,10.133985210666138,1183.375,10.133985210666138
77,78,0.004641175270080566,6.22560399782726e-05,821.125,10.133985210666138,1183.375,10.133985210666138
78,79,0.0046633720397949215,7.724461726252696e-05,825.125,10.133985210666138,1179.375,10.133985210666138
79,80,0.004699039459228516,0.00017470462983473965,825.125,10.133985210666138,1179.375,10.133985210666138
80,81,0.0046732425689697266,5.5321331070988374e-05,825.125,10.133985210666138,1179.375,10.133985210666138
81,82,0.0047046422958374025,0.00013478867589773185,829.125,10.133985210666138,1175.375,10.133985210666138
82,83,0.004689240455627441,0.00011182402990651148,829.15,10.096108470594004,1175.35,10.096108470594004
83,84,0.004689073562622071,9.497880429948874e-05,829.15,10.096108470594004,1175.35,10.096108470594004
84,85,0.004881358146667481,0.00020698721809940413,853.15,10.096108470594004,1151.35,10.096108470594004
85,86,0.004881954193115235,9.886705347529758e-05,853.15,10.096108470594004,1151.35,10.096108470594004
86,87,0.004876470565795899,0.00010826987484083606,853.15,10.096108470594004,1151.35,10.096108470594004
87,88,0.004880928993225097,6.886595503997272e-05,857.15,10.096108470594004,1147.35,10.096108470594004
88,89,0.004982089996337891,0.0004470981832761321,857.15,10.096108470594004,1147.35,10.096108470594004
89,90,0.005141210556030273,0.0005230248400633237,857.175,10.057716254200056,1147.325,10.057716254200056
90,91,0.004921388626098633,0.00023594047141962214,861.175,10.057716254200056,1143.325,10.057716254200056
91,92,0.0048684835433959964,3.603962402009233e-05,861.2,10.074170251191907,1143.3,10.074170251191907
92,93,0.0048646688461303714,6.786671438926232e-05,861.2,10.074170251191907,1143.3,10.074170251191907
93,94,0.004861688613891602,2.296806343888394e-05,865.2,10.074170251191907,1139.3,10.074170251191907
94,95,0.004884123802185059,8.782314301170067e-05,865.2,10.074170251191907,1139.3,10.074170251191907
95,96,0.004941344261169434,0.00015823186570885486,865.2,10.074170251191907,1139.3,10.074170251191907
96,97,0.004970526695251465,0.000305340607842329,869.225,10.090845170252093,1135.275,10.090845170252093
97,98,0.004943966865539551,0.00014950290751465322,869.225,10.090845170252093,1135.275,10.090845170252093
98,99,0.004857349395751953,6.0584201688297026e-05,873.225,10.090845170252093,1131.275,10.090845170252093
99,100,0.004949235916137695,0.00017671118661661308,873.225,10.090845170252093,1131.275,10.090845170252093
100,101,0.004879474639892578,4.668282049805048e-05,873.225,10.090845170252093,1131.275,10.090845170252093
101,102,0.004876518249511718,1.683923942409541e-05,869.225,10.090845170252093,1135.275,10.090845170252093
102,103,0.004918932914733887,9.66340972077367e-05,869.225,10.090845170252093,1135.275,10.090845170252093
103,104,0.00511777400970459,0.0005526909664803019,873.25,10.107430744259394,1131.25,10.107430744259394
104,105,0.005188989639282227,0.0001259596650238238,885.25,10.107430744259394,1119.25,10.107430744259394
105,106,0.005195760726928711,0.0001853857754688267,885.25,10.107430744259394,1119.25,10.107430744259394
106,107,0.005193448066711426,0.0003877950483551801,885.25,10.107430744259394,1119.25,10.107430744259394
107,108,0.005182504653930664,9.725035098871768e-05,889.25,10.107430744259394,1115.25,10.107430744259394
108,109,0.005224847793579101,0.00010772221053896435,893.225,10.146127648024148,1111.275,10.146127648024148
109,110,0.005146026611328125,0.00017850196963848457,889.25,10.162623000485652,1115.25,10.162623000485652
110,111,0.0054388284683227536,0.0006436925846186702,901.25,10.162623000485652,1103.25,10.162623000485652
111,112,0.005207085609436035,0.0001285724639927947,901.25,10.162623000485652,1103.25,10.162623000485652
112,113,0.005228376388549805,0.0001272174907845986,901.25,10.162623000485652,1103.25,10.162623000485652
113,114,0.005295157432556152,0.0002684431479835811,905.25,10.162623000485652,1099.25,10.162623000485652
114,115,0.005249834060668946,0.00015252571031110782,905.25,10.162623000485652,1099.25,10.162623000485652
115,116,0.005315566062927246,0.00033212917169632493,909.25,10.162623000485652,1095.25,10.162623000485652
116,117,0.005235600471496582,0.00013213574298978834,909.25,10.162623000485652,1095.25,10.162623000485652
117,118,0.0054027318954467775,0.0003716794251606285,913.25,10.162623000485652,1091.25,10.162623000485652
118,119,0.005335259437561035,0.00022059172007596962,913.25,10.162623000485652,1091.25,10.162623000485652
119,120,0.005320549011230469,0.0001168884378146588,921.25,10.162623000485652,1083.25,10.162623000485652
120,121,0.005321979522705078,0.0001241919609421184,925.25,10.162623000485652,1079.25,10.162623000485652
121,122,0.005397129058837891,0.0002665092701906033,929.25,10.162623000485652,1075.25,10.162623000485652
122,123,0.00502777099609375,0.0001015191237194454,925.275,10.178416195558128,1079.225,10.178416195558128
123,124,0.0050478696823120115,0.00021479823149673878,933.275,10.178416195558128,1071.225,10.178416195558128
124,125,0.005064940452575684,0.00010632647762774459,933.275,10.178416195558128,1071.225,10.178416195558128
125,126,0.004953789710998535,5.890676593390791e-05,933.25,10.216293665023535,1071.25,10.216293665023535
126,127,0.005057930946350098,0.00011969012798976726,937.25,10.216293665023535,1067.25,10.216293665023535
127,128,0.00517125129699707,0.0005908825035640982,937.25,10.216293665023535,1067.25,10.216293665023535
128,129,0.005311512947082519,0.0005456145235970013,943.25,10.216293665023535,1061.25,10.216293665023535
129,130,0.005043482780456543,6.91563861299026e-05,946.15,10.013748361627629,1058.35,10.013748361627629
130,131,0.005268573760986328,0.0006080874717128624,946.1,10.03058603721637,1058.4,10.03058603721637
131,132,0.005121016502380371,0.000152898355260356,950.1,10.03058603721637,1054.4,10.03058603721637
132,133,0.005047464370727539,7.424189174331645e-05,950.1,10.03058603721637,1054.4,10.03058603721637
133,134,0.00522301197052002,0.0005153771667793808,954.075,10.011938186485173,1050.425,10.011938186485173
134,135,0.005128192901611328,3.2941441867593935e-05,954.05,9.992254813103997,1050.45,9.992254813103997
135,136,0.005177831649780274,0.00019107770505636326,960.05,9.992254813103997,1044.45,9.992254813103997
136,137,0.005166292190551758,0.00016362783635027437,960.05,9.992254813103997,1044.45,9.992254813103997
137,138,0.005234527587890625,0.00021694997613220743,964.05,9.992254813103997,1040.45,9.992254813103997
138,139,0.005182909965515137,4.912673110495783e-05,964.05,9.992254813103997,1040.45,9.992254813103997
139,140,0.005182504653930664,3.645731143640405e-05,968.025,10.000007812496948,1036.475,10.000007812496948
140,141,0.005159783363342285,5.441807315672446e-05,968.025,10.000007812496948,1036.475,10.000007812496948
141,142,0.005151033401489258,5.4878861019222167e-05,972.025,10.000007812496948,1032.475,10.000007812496948
142,143,0.005184626579284668,0.00012334010674533365,972.025,10.000007812496948,1032.475,10.000007812496948
143,144,0.005360960960388184,8.542629516133574e-05,1000.0,9.9801756622817,1004.5,9.9801756622817
144,145,0.005372333526611328,6.254367834738429e-05,1004.0,9.9801756622817,1000.5,9.9801756622817
145,146,0.005384373664855957,6.21091198232406e-05,1004.0,9.9801756622817,1000.5,9.9801756622817
146,147,0.005372881889343262,6.259078043388453e-05,1008.0,9.9801756622817,996.5,9.9801756622817
147,148,0.005368161201477051,5.555112474319045e-05,1008.0,9.9801756622817,996.5,9.9801756622817
148,149,0.005354785919189453,3.611474102770217e-05,1012.0,9.9801756622817,992.5,9.9801756622817
149,150,0.005382275581359864,7.487819687038226e-05,1012.0,9.9801756622817,992.5,9.9801756622817
150,151,0.005643892288208008,0.000678304702399273,1020.0,9.9801756622817,984.5,9.9801756622817
151,152,0.0057654142379760746,0.0007516920570103554,1024.0625,9.988900089599456,980.4375,9.988900089599456
152,153,0.005472612380981445,0.00010591790926915308,1024.0875,9.89709553353912,980.4125,9.897095533539119
153,154,0.005372309684753418,3.813288100558398e-05,1028.0875,9.89709553353912,976.4125,9.897095533539119
154,155,0.005531048774719239,0.0001855770474594615,1028.0875,9.89709553353912,976.4125,9.897095533539119
155,156,0.005438971519470215,8.689701777729601e-05,1032.0875,9.89709553353912,972.4125,9.897095533539119
156,157,0.005487513542175293,0.000158943817802816,1040.0875,9.89709553353912,964.4125,9.897095533539119
157,158,0.00546724796295166,7.674190395688046e-05,1040.0875,9.89709553353912,964.4125,9.897095533539119
158,159,0.005498170852661133,0.0001751082130412873,1044.0875,9.89709553353912,960.4125,9.897095533539119
159,160,0.005453634262084961,5.273286489056355e-05,1044.0875,9.89709553353912,960.4125,9.897095533539119
160,161,0.005501985549926758,0.00013567068833547237,1048.0625,9.878796738469722,956.4375,9.878796738469722
161,162,0.00543982982635498,7.011760702687772e-05,1052.0625,9.878796738469722,952.4375,9.878796738469722
162,163,0.005433583259582519,6.340279847392526e-05,1052.0625,9.878796738469722,952.4375,9.878796738469722
163,164,0.006217837333679199,0.0022175876673865987,1060.0625,9.878796738469722,944.4375,9.878796738469722
164,165,0.005505514144897461,9.88853121391311e-05,1064.0625,9.878796738469722,940.4375,9.878796738469722
165,166,0.005658388137817383,2.7774894684365048e-05,1084.0625,9.878796738469722,920.4375,9.878796738469722
166,167,0.005722498893737793,8.111359222753332e-05,1088.0625,9.878796738469722,916.4375,9.878796738469722
167,168,0.005680680274963379,5.163700057170641e-05,1092.0625,9.878796738469722,912.4375,9.878796738469722
168,169,0.005688309669494629,7.936196736504901e-05,1092.0625,9.878796738469722,912.4375,9.878796738469722
169,170,0.005692720413208008,6.705617374173377e-05,1100.0625,9.878796738469722,904.4375,9.878796738469722
170,171,0.00576939582824707,0.00016856754002298,1104.0875,9.898674153643002,900.4125,9.898674153643002
171,172,0.005762124061584472,0.00017412805725109545,1104.0875,9.898674153643002,900.4125,9.898674153643002
172,173,0.005723738670349121,5.824331660641806e-05,1108.0875,9.898674153643002,896.4125,9.898674153643002
173,174,0.005745148658752442,5.4717500223651636e-05,1112.0875,9.898674153643002,892.4125,9.898674153643002
174,175,0.006200075149536133,0.0009591885530298918,1112.0625,9.878480399332682,892.4375,9.878480399332682
175,176,0.005717849731445313,3.767514497307804e-05,1120.0125,9.951161992450933,884.4875,9.951161992450933
176,177,0.005739283561706543,5.704425962229882e-05,1124.0125,9.951161992450933,880.4875,9.951161992450933
177,178,0.0058291912078857425,0.000186861440133275,1124.0125,9.951161992450933,880.4875,9.951161992450933
178,179,0.005772924423217774,7.497672601953767e-05,1128.0375,9.97070709628961,876.4625,9.97070709628961
179,180,0.00575263500213623,3.989449613420032e-05,1132.0375,9.97070709628961,872.4625,9.97070709628961
180,181,0.005968761444091797,0.0004107876952419615,1132.0375,9.97070709628961,872.4625,9.97070709628961
181,182,0.005863451957702636,0.0001979277882709202,1140.0375,9.97070709628961,864.4625,9.97070709628961
182,183,0.005832242965698242,6.371522303014139e-05,1144.0375,9.97070709628961,860.4625,9.97070709628961
183,184,0.005863332748413086,7.932012345107622e-05,1148.0375,9.97070709628961,856.4625,9.97070709628961
184,185,0.005826354026794434,3.9661881931615396e-05,1148.0375,9.97070709628961,856.4625,9.97070709628961
185,186,0.0058537483215332035,7.80369322296604e-05,1152.0625,9.990464203429188,852.4375,9.990464203429188
186,187,0.006213593482971192,0.0011232482870803025,1160.0875,9.95470994052564,844.4125,9.954709940525639
187,188,0.005827116966247559,0.00010667418746831586,1164.0375,9.916337529551926,840.4625,9.916337529551926
188,189,0.005804085731506347,0.0001134210306238104,1164.0375,9.916337529551926,840.4625,9.916337529551926
189,190,0.005829739570617676,0.00011340923242667403,1167.9625,9.858023381997022,836.5375,9.858023381997022
190,191,0.005950474739074707,0.0004466849604601464,1172.0125,9.84031884646021,832.4875,9.84031884646021
191,192,0.005893683433532715,0.00027343514627994686,1172.0375,9.85976673152058,832.4625,9.85976673152058
192,193,0.005802130699157715,0.00014346355159497014,1180.05,9.869215077705014,824.45,9.869215077705014
193,194,0.00595698356628418,0.00022960207291029326,1184.0125,9.880726187887204,820.4875,9.880726187887204
194,195,0.005863261222839355,6.646014007591801e-05,1188.0125,9.880726187887204,816.4875,9.880726187887204
195,196,0.0058509111404418945,8.27521488763205e-05,1190.8625,10.811625687194319,813.6375,10.811625687194319
196,197,0.005802822113037109,3.8509257894113224e-05,1190.8375,10.792039890586025,813.6625,10.792039890586025
197,198,0.005837631225585937,8.055456403646654e-05,1198.8375,10.792039890586025,805.6625,10.792039890586025
198,199,0.005889439582824707,0.0001698396114061817,1202.8375,10.792039890586025,801.6625,10.792039890586025
199,200,0.0061740875244140625,0.00084239589402255,1206.85,10.777153207132207,797.65,10.777153207132205
200,201,0.0059988975524902345,0.0001423967732842901,1206.875,10.746256615677853,797.625,10.746256615677853
201,202,0.00598456859588623,0.00015356864194359868,1210.875,10.746256615677853,793.625,10.746256615677853
202,203,0.006195068359375,0.00026999514061893157,1214.85,10.725123833783925,789.65,10.725123833783925
203,204,0.007114624977111817,0.0019332226358970308,1222.825,10.75515138201225,781.675,10.75515138201225
204,205,0.006301593780517578,0.00010126716813535971,1226.825,10.75515138201225,777.675,10.75515138201225
205,206,0.00650336742401123,0.0005427005225520972,1226.825,10.75515138201225,777.675,10.75515138201225
206,207,0.0067919731140136715,0.0008476506388573361,1230.85,10.778602935909644,773.65,10.778602935909644
207,208,0.006266045570373535,5.4393729259646295e-05,1238.85,10.828644017142683,765.65,10.82864401714268
208,209,0.006344652175903321,0.00017586819100369474,1242.9,10.868108448575585,761.6,10.868108448575585
209,210,0.0063263893127441405,0.00017365247283260583,1246.9,10.868108448575585,757.6,10.868108448575585
210,211,0.006251740455627442,3.8630586488827136e-05,1246.85,10.828066828848074,757.65,10.828066828848074
211,212,0.006328010559082031,0.00013540400469354833,1250.85,10.828066828848074,753.65,10.828066828848074
212,213,0.006217336654663086,4.7920853327239126e-05,1258.825,10.807614503210226,745.675,10.807614503210226
213,214,0.006241035461425781,5.053549358098805e-05,1262.825,10.807614503210226,741.675,10.807614503210226
214,215,0.006273674964904785,0.0001246990276210589,1266.9125,10.700876132354772,737.5875,10.70087613235477
215,216,0.006370973587036133,0.0003548116553115454,1270.8875,10.731408341872003,733.6125,10.731408341872003
216,217,0.006294751167297363,8.56408994501384e-05,1270.8875,10.679156099617611,733.6125,10.679156099617611
217,218,0.0065326690673828125,0.0003497936470579397,1278.8875,10.679156099617611,725.6125,10.679156099617611
218,219,0.0063805818557739254,0.0003421184898165401,1282.9375,10.71928752296532,721.5625,10.71928752296532
219,220,0.006315302848815918,0.0001365845937684503,1286.9625,10.689480810591318,717.5375,10.689480810591316
220,221,0.0064542293548583984,0.00031793556900478354,1290.9625,10.689480810591318,713.5375,10.689480810591316
221,222,0.0064039468765258786,7.111554636907916e-05,1306.9625,10.689480810591318,697.5375,10.689480810591316
222,223,0.0063846826553344725,4.0630198534322455e-05,1312.9625,10.689480810591318,691.5375,10.689480810591316
223,224,0.006583738327026367,0.0003582113877897213,1312.9875,10.709837767211976,691.5125,10.709837767211976
224,225,0.006426787376403809,9.474302263326872e-05,1317.0125,10.679009785555964,687.4875,10.679009785555964
225,226,0.006399893760681152,7.300721430730565e-05,1321.0125,10.679009785555964,683.4875,10.679009785555964
226,227,0.006416010856628418,6.605701154204038e-05,1329.0125,10.679009785555964,675.4875,10.679009785555964
227,228,0.006415247917175293,4.9011489902290104e-05,1333.0125,10.679009785555964,671.4875,10.679009785555964
228,229,0.006471467018127441,0.00018892941861973906,1337.0125,10.679009785555964,667.4875,10.679009785555964
229,230,0.0064594030380249025,8.798466427042689e-05,1340.9875,10.709545975437054,663.5125,10.709545975437054
230,231,0.006359410285949707,4.565601247839722e-05,1348.9875,10.709545975437054,655.5125,10.709545975437054
231,232,0.006424236297607422,4.595233454466206e-05,1352.9625,10.690065481558099,651.5375,10.690065481558099
232,233,0.006463408470153809,8.796290226047153e-05,1356.9375,10.719870568248481,647.5625,10.719870568248481
233,234,0.0065318822860717775,0.00020182771498006055,1356.9375,10.719870568248481,647.5625,10.719870568248481
234,235,0.006490111351013184,0.00017233531669131472,1360.9375,10.719870568248481,643.5625,10.719870568248481
235,236,0.006472086906433106,9.325369908881509e-05,1368.9375,10.719870568248481,635.5625,10.719870568248481
236,237,0.007068061828613281,0.0016171177903143547,1372.9125,10.699415871906279,631.5875,10.699415871906279
237,238,0.006457781791687012,4.424414841066429e-05,1376.8875,10.72995223661317,627.6125,10.72995223661317
238,239,0.006543993949890137,0.0002668189230806355,1380.9125,10.750406969040753,623.5875,10.750406969040753
239,240,0.006602764129638672,0.00015057721699809437,1396.9125,10.750406969040753,607.5875,10.750406969040753
240,241,0.006639337539672852,0.00013922110727770468,1402.9125,10.750406969040753,601.5875,10.750406969040753
241,242,0.006621813774108887,0.00017150528917621216,1406.9125,10.750406969040753,597.5875,10.750406969040753
242,243,0.006576657295227051,8.057964250201167e-05,1410.9125,10.750406969040753,593.5875,10.750406969040753
243,244,0.006586146354675293,8.3378017796612e-05,1418.8875,10.72995223661317,585.6125,10.72995223661317
244,245,0.00671379566192627,0.00021117214312835357,1422.8875,10.72995223661317,581.6125,10.72995223661317
245,246,0.006594085693359375,7.156126403455416e-05,1426.9125,10.751860304152022,577.5875,10.751860304152022
246,247,0.006613636016845703,5.528887267010112e-05,1430.9125,10.751860304152022,573.5875,10.751860304152022
247,248,0.006614184379577637,9.41601541808141e-05,1438.9125,10.751860304152022,565.5875,10.751860304152022
248,249,0.006623268127441406,0.00012611477467031022,1442.9625,10.791605533932382,561.5375,10.791605533932382
249,250,0.006589841842651367,0.00010782082143343834,1446.9625,10.791605533932382,557.5375,10.791605533932382
250,251,0.006634283065795899,0.00013904823358502845,1450.9375,10.771345087778034,553.5625,10.771345087778034
251,252,0.007045912742614746,0.0012153772967256305,1458.9625,10.740228116758042,545.5375,10.740228116758042
252,253,0.006731963157653809,0.00029663913618769737,1462.9625,10.740228116758042,541.5375,10.740228116758042
253,254,0.006828522682189942,0.00034732532608058246,1466.9875,10.710421326913336,537.5125,10.710421326913336
254,255,0.006825947761535644,0.0002630307296906968,1470.9875,10.710421326913336,533.5125,10.710421326913336
255,256,0.006909775733947754,0.0002938781303957352,1470.9875,10.710421326913336,533.5125,10.710421326913336
256,257,0.00703125,0.00013527672685183988,1490.9625,10.688603744175383,513.5375,10.688603744175381
257,258,0.007683420181274414,0.000734771296652281,1496.9625,10.688603744175383,507.5375,10.688603744175381
258,259,0.010361075401306152,0.006139897270167666,1500.9875,10.65777298500958,503.5125,10.65777298500958
259,260,0.01041581630706787,0.006091621848127988,1508.9375,10.61764451279096,495.5625,10.61764451279096
260,261,0.010854482650756836,0.005871473602615474,1512.9875,10.607515024736001,491.5125,10.607515024736001
261,262,0.010592985153198241,0.0059648220925586,1516.9875,10.607515024736001,487.5125,10.607515024736001
262,263,0.010570979118347168,0.005957933354302252,1521.0125,10.681350570035608,483.4875,10.681350570035606
263,264,0.010504722595214844,0.005842027989667541,1529.0125,10.731553941531487,475.4875,10.731553941531487
264,265,0.011040449142456055,0.0067343956618636375,1535.0125,10.731553941531487,469.4875,10.731553941531487
265,266,0.010012507438659668,0.0062898563479465795,1539.0125,10.731553941531487,465.4875,10.731553941531487
266,267,0.010069680213928223,0.006452318433910303,1543.0125,10.731553941531487,461.4875,10.731553941531487
267,268,0.010078334808349609,0.006316233103354535,1551.0125,10.731553941531487,453.4875,10.731553941531487
268,269,0.010901546478271485,0.005909193896025777,1554.9875,10.762231413605637,449.5125,10.762231413605637
269,270,0.023600387573242187,0.0010402203961410977,1558.9875,10.862521576503312,445.5125,10.862521576503312
270,271,0.023565173149108887,0.000589459840837482,1562.9375,10.872413485514612,441.5625,10.872413485514612
271,272,0.023534083366394044,0.0001293266612413558,1578.9375,10.872413485514612,425.5625,10.872413485514612
272,273,0.024097180366516112,0.00031911384880691114,1584.8875,10.830541306878432,419.6125,10.830541306878432
273,274,0.024297189712524415,0.0004807051986657847,1588.8625,10.810180387024076,415.6375,10.810180387024076
274,275,0.024436426162719727,0.0009542832623884038,1592.8625,10.810180387024076,411.6375,10.810180387024076
275,276,0.025108480453491212,0.0017645369354346056,1600.8625,10.810180387024076,403.6375,10.810180387024076
276,277,0.025359678268432616,0.0015242672201941686,1604.8125,10.768008172359455,399.6875,10.768008172359455
277,278,0.024877595901489257,0.0007463284594610974,1608.8875,10.829675664580172,395.6125,10.829675664580172
