# Device: cuda 
# Device Name: GeForce GTX 860M 
# Total GPU memory: 2004.5 
,Dimension,Mean Time,Std Time,Mean Memory Used,Std Memory Used,Mean Memory Free,Std Memory Free
0,1,0.0059975385665893555,0.00026166439056396484,744.6875,8.8125,1259.8125,8.8125
1,2,0.004536747932434082,0.00041282176971435547,729.6875,0.1875,1274.8125,0.1875
2,3,0.005142807960510254,0.0003427267074584961,731.6875,0.1875,1272.8125,0.1875
3,4,0.006197810173034668,0.0008558034896850586,731.6875,0.1875,1272.8125,0.1875
4,5,0.005295157432556152,0.00019657611846923828,731.6875,0.1875,1272.8125,0.1875
5,6,0.006151914596557617,0.001386880874633789,751.6875,0.1875,1252.8125,0.1875
6,7,0.005729198455810547,0.0005168914794921875,751.6875,0.1875,1252.8125,0.1875
7,8,0.0062983036041259766,0.0011761188507080078,751.6875,0.1875,1252.8125,0.1875
8,9,0.005332469940185547,0.0004649162292480469,731.6875,0.1875,1272.8125,0.1875
9,10,0.004402279853820801,2.396106719970703e-05,731.25,0.25,1273.25,0.25
10,11,0.004788398742675781,0.0001628398895263672,751.25,0.25,1253.25,0.25
11,12,0.005386829376220703,0.0004754066467285156,751.25,0.25,1253.25,0.25
12,13,0.0050002336502075195,0.00039565563201904297,751.25,0.25,1253.25,0.25
13,14,0.004664182662963867,0.00010013580322265625,751.25,0.25,1253.25,0.25
14,15,0.004878997802734375,0.00011157989501953125,753.25,0.25,1251.25,0.25
15,16,0.004948139190673828,0.00012159347534179688,753.25,0.25,1251.25,0.25
16,17,0.004641175270080566,8.463859558105469e-06,751.25,0.25,1253.25,0.25
17,18,0.004445910453796387,2.6345252990722656e-05,751.25,0.25,1253.25,0.25
18,19,0.005061149597167969,0.00027370452880859375,751.25,0.25,1253.25,0.25
19,20,0.004628896713256836,0.00019693374633789062,751.25,0.25,1253.25,0.25
20,21,0.004855632781982422,0.00010895729064941406,751.25,0.25,1253.25,0.25
21,22,0.0043792724609375,9.489059448242188e-05,751.25,0.25,1253.25,0.25
22,23,0.004942178726196289,0.00016999244689941406,751.25,0.25,1253.25,0.25
23,24,0.004667758941650391,0.00017118453979492188,751.25,0.25,1253.25,0.25
24,25,0.005415678024291992,0.0003952980041503906,751.25,0.25,1253.25,0.25
25,26,0.004429936408996582,6.496906280517578e-05,751.25,0.25,1253.25,0.25
26,27,0.004865884780883789,3.075599670410156e-05,751.25,0.25,1253.25,0.25
27,28,0.004961252212524414,0.0001773834228515625,753.25,0.25,1251.25,0.25
28,29,0.0046977996826171875,5.078315734863281e-05,753.25,0.25,1251.25,0.25
29,30,0.004574179649353027,0.00013506412506103516,753.25,0.25,1251.25,0.25
30,31,0.0048885345458984375,0.00023746490478515625,753.25,0.25,1251.25,0.25
31,32,0.005091071128845215,0.00035965442657470703,753.25,0.25,1251.25,0.25
32,33,0.004527449607849121,5.7816505432128906e-05,751.25,0.25,1253.25,0.25
33,34,0.004388093948364258,0.00012946128845214844,751.25,0.25,1253.25,0.25
34,35,0.004585981369018555,0.00020766258239746094,751.25,0.25,1253.25,0.25
35,36,0.004484653472900391,0.00020837783813476562,751.25,0.25,1253.25,0.25
36,37,0.004506349563598633,7.486343383789062e-05,751.25,0.25,1253.25,0.25
37,38,0.004810333251953125,0.00010800361633300781,753.25,0.25,1251.25,0.25
38,39,0.005389690399169922,5.650520324707031e-05,753.25,0.25,1251.25,0.25
39,40,0.005041599273681641,0.0002574920654296875,753.25,0.25,1251.25,0.25
40,41,0.0049637556076049805,5.4717063903808594e-05,753.25,0.25,1251.25,0.25
41,42,0.005002737045288086,0.0003478527069091797,753.25,0.25,1251.25,0.25
42,43,0.005119442939758301,4.5180320739746094e-05,753.25,0.25,1251.25,0.25
43,44,0.004556536674499512,0.00011813640594482422,753.25,0.25,1251.25,0.25
44,45,0.005363941192626953,0.0001068115234375,753.25,0.25,1251.25,0.25
45,46,0.004983425140380859,0.00010848045349121094,773.25,0.25,1231.25,0.25
46,47,0.005251407623291016,7.605552673339844e-05,773.25,0.25,1231.25,0.25
47,48,0.005231618881225586,0.00018644332885742188,772.9375,0.0625,1231.5625,0.0625
48,49,0.0053511857986450195,0.00010526180267333984,772.9375,0.0625,1231.5625,0.0625
49,50,0.00609433650970459,0.0012015104293823242,772.9375,0.0625,1231.5625,0.0625
50,51,0.005326509475708008,0.0001685619354248047,764.9375,0.0625,1239.5625,0.0625
51,52,0.005149245262145996,0.00024569034576416016,764.9375,0.0625,1239.5625,0.0625
52,53,0.005297064781188965,3.9458274841308594e-05,766.9375,0.0625,1237.5625,0.0625
53,54,0.006592988967895508,0.0007386207580566406,766.9375,0.0625,1237.5625,0.0625
54,55,0.005846381187438965,0.000565648078918457,766.9375,0.0625,1237.5625,0.0625
55,56,0.0049103498458862305,0.00016582012176513672,768.9375,0.0625,1235.5625,0.0625
56,57,0.005528807640075684,3.5762786865234375e-07,768.9375,0.0625,1235.5625,0.0625
57,58,0.005025267601013184,0.00023162364959716797,768.9375,0.0625,1235.5625,0.0625
58,59,0.005285382270812988,0.00039517879486083984,768.9375,0.0625,1235.5625,0.0625
59,60,0.005124092102050781,0.00039005279541015625,770.9375,0.0625,1233.5625,0.0625
60,61,0.005203604698181152,0.00033223628997802734,770.9375,0.0625,1233.5625,0.0625
61,62,0.004788756370544434,1.8477439880371094e-05,770.9375,0.0625,1233.5625,0.0625
62,63,0.005093693733215332,0.0001748800277709961,770.9375,0.0625,1233.5625,0.0625
63,64,0.005185723304748535,0.0001093149185180664,770.9375,0.0625,1233.5625,0.0625
64,65,0.005269646644592285,0.0004354715347290039,770.9375,0.0625,1233.5625,0.0625
65,66,0.005374431610107422,0.0007557868957519531,770.9375,0.0625,1233.5625,0.0625
66,67,0.005002498626708984,0.0002014636993408203,770.9375,0.0625,1233.5625,0.0625
67,68,0.0052106380462646484,0.0004410743713378906,792.9375,0.0625,1211.5625,0.0625
68,69,0.005336761474609375,4.220008850097656e-05,792.9375,0.0625,1211.5625,0.0625
69,70,0.004875898361206055,0.00014638900756835938,792.9375,0.0625,1211.5625,0.0625
70,71,0.0052530765533447266,0.00019168853759765625,792.9375,0.0625,1211.5625,0.0625
71,72,0.0058400630950927734,0.0008292198181152344,796.9375,0.0625,1207.5625,0.0625
72,73,0.005267500877380371,0.00023162364959716797,796.9375,0.0625,1207.5625,0.0625
73,74,0.004950046539306641,1.1444091796875e-05,794.9375,0.0625,1209.5625,0.0625
74,75,0.0053119659423828125,5.078315734863281e-05,794.9375,0.0625,1209.5625,0.0625
75,76,0.0058220624923706055,0.000685572624206543,798.9375,0.0625,1205.5625,0.0625
76,77,0.005011796951293945,0.00014781951904296875,798.9375,0.0625,1205.5625,0.0625
77,78,0.0047855377197265625,0.00014519691467285156,798.9375,0.0625,1205.5625,0.0625
78,79,0.0050280094146728516,0.00012612342834472656,802.9375,0.0625,1201.5625,0.0625
79,80,0.004716038703918457,9.59634780883789e-05,802.9375,0.0625,1201.5625,0.0625
80,81,0.0053740739822387695,0.00042378902435302734,802.9375,0.0625,1201.5625,0.0625
81,82,0.004777431488037109,0.00010323524475097656,806.9375,0.0625,1197.5625,0.0625
82,83,0.005361318588256836,0.00016927719116210938,806.9375,0.0625,1197.5625,0.0625
83,84,0.005048513412475586,0.0002307891845703125,806.9375,0.0625,1197.5625,0.0625
84,85,0.005591034889221191,0.0001291036605834961,830.9375,0.0625,1173.5625,0.0625
85,86,0.005994915962219238,0.0008779764175415039,830.9375,0.0625,1173.5625,0.0625
86,87,0.0052193403244018555,2.9921531677246094e-05,830.9375,0.0625,1173.5625,0.0625
87,88,0.0057413578033447266,9.441375732421875e-05,834.9375,0.0625,1169.5625,0.0625
88,89,0.0054787397384643555,0.0001920461654663086,834.9375,0.0625,1169.5625,0.0625
89,90,0.005709409713745117,0.00013446807861328125,834.9375,0.0625,1169.5625,0.0625
90,91,0.0057680606842041016,0.00017309188842773438,838.9375,0.0625,1165.5625,0.0625
91,92,0.005730628967285156,3.4332275390625e-05,838.9375,0.0625,1165.5625,0.0625
92,93,0.005594491958618164,0.0001366138458251953,838.9375,0.0625,1165.5625,0.0625
93,94,0.007125377655029297,0.0013051033020019531,842.9375,0.0625,1161.5625,0.0625
94,95,0.005246520042419434,9.381771087646484e-05,842.9375,0.0625,1161.5625,0.0625
95,96,0.005481123924255371,0.00022470951080322266,842.9375,0.0625,1161.5625,0.0625
96,97,0.006011605262756348,0.00029909610748291016,846.9375,0.0625,1157.5625,0.0625
97,98,0.005464076995849609,2.2172927856445312e-05,846.9375,0.0625,1157.5625,0.0625
98,99,0.005899548530578613,9.97781753540039e-05,850.9375,0.0625,1153.5625,0.0625
99,100,0.005545973777770996,2.4199485778808594e-05,850.9375,0.0625,1153.5625,0.0625
100,101,0.005308032035827637,8.90493392944336e-05,850.9375,0.0625,1153.5625,0.0625
101,102,0.005328536033630371,0.00023233890533447266,846.9375,0.0625,1157.5625,0.0625
102,103,0.005454301834106445,0.00014472007751464844,846.9375,0.0625,1157.5625,0.0625
103,104,0.005512714385986328,0.00014925003051757812,850.9375,0.0625,1153.5625,0.0625
104,105,0.005529642105102539,7.3909759521484375e-06,862.9375,0.0625,1141.5625,0.0625
105,106,0.005944490432739258,8.869171142578125e-05,862.9375,0.0625,1141.5625,0.0625
106,107,0.005424618721008301,2.4437904357910156e-05,862.9375,0.0625,1141.5625,0.0625
107,108,0.005651354789733887,6.878376007080078e-05,866.9375,0.0625,1137.5625,0.0625
108,109,0.005507230758666992,1.621246337890625e-05,870.9375,0.0625,1133.5625,0.0625
109,110,0.006048321723937988,0.0005601644515991211,866.9375,0.0625,1137.5625,0.0625
110,111,0.005789995193481445,3.504753112792969e-05,878.9375,0.0625,1125.5625,0.0625
111,112,0.0056226253509521484,0.00010371208190917969,878.9375,0.0625,1125.5625,0.0625
112,113,0.0056383609771728516,2.765655517578125e-05,878.9375,0.0625,1125.5625,0.0625
113,114,0.005918145179748535,0.00015938282012939453,882.9375,0.0625,1121.5625,0.0625
114,115,0.005697131156921387,8.356571197509766e-05,882.9375,0.0625,1121.5625,0.0625
115,116,0.005935072898864746,3.635883331298828e-05,886.9375,0.0625,1117.5625,0.0625
116,117,0.005950570106506348,0.00018131732940673828,886.9375,0.0625,1117.5625,0.0625
117,118,0.005854010581970215,0.00034439563751220703,890.9375,0.0625,1113.5625,0.0625
118,119,0.005512118339538574,7.545948028564453e-05,890.9375,0.0625,1113.5625,0.0625
119,120,0.005869865417480469,0.0002818107604980469,898.9375,0.0625,1105.5625,0.0625
120,121,0.0056650638580322266,0.0003154277801513672,902.9375,0.0625,1101.5625,0.0625
121,122,0.005938887596130371,0.00014221668243408203,906.9375,0.0625,1097.5625,0.0625
122,123,0.00561070442199707,0.00010061264038085938,902.9375,0.0625,1101.5625,0.0625
123,124,0.005143284797668457,8.213520050048828e-05,910.9375,0.0625,1093.5625,0.0625
124,125,0.0052759647369384766,4.38690185546875e-05,910.9375,0.0625,1093.5625,0.0625
125,126,0.005521535873413086,6.0558319091796875e-05,910.9375,0.0625,1093.5625,0.0625
126,127,0.005858302116394043,0.0008636713027954102,914.9375,0.0625,1089.5625,0.0625
127,128,0.005164027214050293,0.00010025501251220703,914.9375,0.0625,1089.5625,0.0625
128,129,0.005800008773803711,1.6689300537109375e-05,920.9375,0.0625,1083.5625,0.0625
129,130,0.00530087947845459,2.181529998779297e-05,924.9375,0.0625,1079.5625,0.0625
130,131,0.005502462387084961,0.0003571510314941406,924.9375,0.0625,1079.5625,0.0625
131,132,0.005408525466918945,0.0002129077911376953,928.9375,0.0625,1075.5625,0.0625
132,133,0.005264163017272949,0.00020611286163330078,928.9375,0.0625,1075.5625,0.0625
133,134,0.0052073001861572266,0.00012731552124023438,932.9375,0.0625,1071.5625,0.0625
134,135,0.005694985389709473,0.0005918741226196289,932.9375,0.0625,1071.5625,0.0625
135,136,0.005935311317443848,9.047985076904297e-05,938.9375,0.0625,1065.5625,0.0625
136,137,0.006318569183349609,0.0004489421844482422,938.9375,0.0625,1065.5625,0.0625
137,138,0.005518436431884766,0.0001926422119140625,942.9375,0.0625,1061.5625,0.0625
138,139,0.005900144577026367,0.0005698204040527344,942.9375,0.0625,1061.5625,0.0625
139,140,0.005546450614929199,0.00037992000579833984,946.9375,0.0625,1057.5625,0.0625
140,141,0.0054204463958740234,0.0002484321594238281,946.9375,0.0625,1057.5625,0.0625
141,142,0.0056285858154296875,0.0003752708435058594,950.9375,0.0625,1053.5625,0.0625
142,143,0.005364060401916504,4.5418739318847656e-05,950.9375,0.0625,1053.5625,0.0625
143,144,0.00563812255859375,0.0001862049102783203,978.9375,0.0625,1025.5625,0.0625
144,145,0.005565762519836426,0.0002802610397338867,982.9375,0.0625,1021.5625,0.0625
145,146,0.005547165870666504,0.0001462697982788086,982.9375,0.0625,1021.5625,0.0625
146,147,0.0054242610931396484,0.00010251998901367188,986.9375,0.0625,1017.5625,0.0625
147,148,0.005547642707824707,7.522106170654297e-05,986.9375,0.0625,1017.5625,0.0625
148,149,0.00553286075592041,0.00017344951629638672,990.9375,0.0625,1013.5625,0.0625
149,150,0.007401108741760254,0.0018426179885864258,990.9375,0.0625,1013.5625,0.0625
150,151,0.0056601762771606445,1.6570091247558594e-05,998.9375,0.0625,1005.5625,0.0625
151,152,0.007042646408081055,0.00045371055603027344,1002.9375,0.0625,1001.5625,0.0625
152,153,0.005924344062805176,0.0002874135971069336,1002.9375,0.0625,1001.5625,0.0625
153,154,0.005490899085998535,7.045269012451172e-05,1006.9375,0.0625,997.5625,0.0625
154,155,0.005663752555847168,2.6345252990722656e-05,1007.0625,0.1875,997.4375,0.1875
155,156,0.0057572126388549805,0.00010335445404052734,1011.0625,0.1875,993.4375,0.1875
156,157,0.0057294368743896484,0.000232696533203125,1019.0625,0.1875,985.4375,0.1875
157,158,0.005585312843322754,0.00013363361358642578,1019.0625,0.1875,985.4375,0.1875
158,159,0.0054749250411987305,0.0001207590103149414,1023.0625,0.1875,981.4375,0.1875
159,160,0.005504727363586426,9.40561294555664e-05,1023.0625,0.1875,981.4375,0.1875
160,161,0.005727887153625488,3.159046173095703e-05,1027.0625,0.1875,977.4375,0.1875
161,162,0.006579160690307617,0.0011992454528808594,1031.0625,0.1875,973.4375,0.1875
162,163,0.0076389312744140625,0.0017516613006591797,1031.0625,0.1875,973.4375,0.1875
163,164,0.0061615705490112305,0.0003064870834350586,1039.0625,0.1875,965.4375,0.1875
164,165,0.00546419620513916,1.823902130126953e-05,1043.0625,0.1875,961.4375,0.1875
165,166,0.005690574645996094,2.6464462280273438e-05,1063.0625,0.1875,941.4375,0.1875
166,167,0.005658507347106934,4.208087921142578e-05,1067.0625,0.1875,937.4375,0.1875
167,168,0.006185173988342285,0.00012409687042236328,1071.1875,0.0625,933.3125,0.0625
168,169,0.0058242082595825195,0.00016820430755615234,1071.1875,0.0625,933.3125,0.0625
169,170,0.0060127973556518555,0.00015747547149658203,1079.1875,0.0625,925.3125,0.0625
170,171,0.00563204288482666,1.0728836059570312e-06,1083.1875,0.0625,921.3125,0.0625
171,172,0.00663602352142334,0.0009926557540893555,1083.1875,0.0625,921.3125,0.0625
172,173,0.005846619606018066,0.00013744831085205078,1087.1875,0.0625,917.3125,0.0625
173,174,0.005923271179199219,0.0001468658447265625,1091.1875,0.0625,913.3125,0.0625
174,175,0.006351113319396973,0.0005804300308227539,1091.1875,0.0625,913.3125,0.0625
175,176,0.0058825016021728516,0.00011730194091796875,1099.1875,0.0625,905.3125,0.0625
176,177,0.006187796592712402,9.66787338256836e-05,1103.1875,0.0625,901.3125,0.0625
177,178,0.005999922752380371,7.784366607666016e-05,1103.1875,0.0625,901.3125,0.0625
178,179,0.005924105644226074,8.499622344970703e-05,1107.1875,0.0625,897.3125,0.0625
179,180,0.006023764610290527,2.7418136596679688e-06,1111.1875,0.0625,893.3125,0.0625
180,181,0.007873296737670898,0.0004305839538574219,1111.1875,0.0625,893.3125,0.0625
181,182,0.006073117256164551,1.919269561767578e-05,1119.1875,0.0625,885.3125,0.0625
182,183,0.0060138702392578125,1.4781951904296875e-05,1123.1875,0.0625,881.3125,0.0625
183,184,0.006266117095947266,0.00020241737365722656,1127.1875,0.0625,877.3125,0.0625
184,185,0.006161928176879883,3.24249267578125e-05,1127.1875,0.0625,877.3125,0.0625
185,186,0.006180286407470703,1.239776611328125e-05,1131.1875,0.0625,873.3125,0.0625
186,187,0.00639498233795166,0.00024211406707763672,1139.0625,0.1875,865.4375,0.1875
187,188,0.006007671356201172,8.487701416015625e-05,1143.0625,0.1875,861.4375,0.1875
188,189,0.006677389144897461,0.0003104209899902344,1143.0625,0.1875,861.4375,0.1875
189,190,0.006180167198181152,1.1563301086425781e-05,1147.0625,0.1875,857.4375,0.1875
190,191,0.006732344627380371,0.0005930662155151367,1151.0625,0.1875,853.4375,0.1875
191,192,0.006189227104187012,1.5139579772949219e-05,1151.0625,0.1875,853.4375,0.1875
192,193,0.006985902786254883,0.0004317760467529297,1159.0625,0.1875,845.4375,0.1875
193,194,0.006944179534912109,0.0006489753723144531,1163.0625,0.1875,841.4375,0.1875
194,195,0.007079005241394043,0.000960230827331543,1167.0625,0.1875,837.4375,0.1875
195,196,0.006090760231018066,1.1324882507324219e-05,1171.0625,0.1875,833.4375,0.1875
196,197,0.007195234298706055,0.000240325927734375,1170.0625,1.1875,834.4375,1.1875
197,198,0.005970478057861328,0.00013184547424316406,1178.0625,1.1875,826.4375,1.1875
198,199,0.005836367607116699,5.602836608886719e-06,1182.0625,1.1875,822.4375,1.1875
199,200,0.007356405258178711,0.0012028217315673828,1186.0625,1.1875,818.4375,1.1875
200,201,0.005944967269897461,0.00013494491577148438,1186.0625,1.1875,818.4375,1.1875
201,202,0.007180213928222656,0.00127410888671875,1190.0625,1.1875,814.4375,1.1875
202,203,0.00638735294342041,5.1140785217285156e-05,1194.0625,1.1875,810.4375,1.1875
203,204,0.006599903106689453,6.246566772460938e-05,1202.0625,1.1875,802.4375,1.1875
204,205,0.006927013397216797,0.0003371238708496094,1206.0625,1.1875,798.4375,1.1875
205,206,0.006536960601806641,8.96453857421875e-05,1206.0625,1.1875,798.4375,1.1875
206,207,0.006509661674499512,0.00014460086822509766,1210.0625,1.1875,794.4375,1.1875
207,208,0.006450533866882324,0.00013077259063720703,1218.0625,1.1875,786.4375,1.1875
208,209,0.007033348083496094,0.0002522468566894531,1222.0625,1.1875,782.4375,1.1875
209,210,0.00706636905670166,0.00039780139923095703,1226.0625,1.1875,778.4375,1.1875
210,211,0.007598519325256348,0.0011593103408813477,1226.1875,1.0625,778.3125,1.0625
211,212,0.006478309631347656,0.0001728534698486328,1230.1875,1.0625,774.3125,1.0625
212,213,0.006442904472351074,4.6372413635253906e-05,1238.1875,1.0625,766.3125,1.0625
213,214,0.0065888166427612305,2.753734588623047e-05,1242.1875,1.0625,762.3125,1.0625
214,215,0.007286429405212402,8.809566497802734e-05,1246.1875,1.0625,758.3125,1.0625
215,216,0.009114861488342285,0.0028856992721557617,1250.1875,1.0625,754.3125,1.0625
216,217,0.00748753547668457,0.0008397102355957031,1250.1875,1.0625,754.3125,1.0625
217,218,0.006854891777038574,0.0002993345260620117,1258.1875,1.0625,746.3125,1.0625
218,219,0.006577253341674805,0.0001285076141357422,1262.1875,1.0625,742.3125,1.0625
219,220,0.006456494331359863,0.0002027750015258789,1266.1875,1.0625,738.3125,1.0625
220,221,0.0067778825759887695,2.682209014892578e-05,1270.1875,1.0625,734.3125,1.0625
221,222,0.006748676300048828,4.291534423828125e-06,1286.1875,1.0625,718.3125,1.0625
222,223,0.006839394569396973,6.496906280517578e-05,1292.1875,1.0625,712.3125,1.0625
223,224,0.006741523742675781,7.343292236328125e-05,1292.1875,1.0625,712.3125,1.0625
224,225,0.006624937057495117,0.0001952648162841797,1296.1875,1.0625,708.3125,1.0625
225,226,0.0073621273040771484,0.0005080699920654297,1300.1875,1.0625,704.3125,1.0625
226,227,0.009012699127197266,0.0018525123596191406,1308.1875,1.0625,696.3125,1.0625
227,228,0.0077571868896484375,0.000457763671875,1312.1875,1.0625,692.3125,1.0625
228,229,0.008107900619506836,0.0007894039154052734,1316.1875,1.0625,688.3125,1.0625
229,230,0.008105278015136719,0.00026798248291015625,1320.1875,1.0625,684.3125,1.0625
230,231,0.00662386417388916,0.00023543834686279297,1328.1875,1.0625,676.3125,1.0625
231,232,0.0066950321197509766,0.0001227855682373047,1332.1875,1.0625,672.3125,1.0625
232,233,0.006786346435546875,9.393692016601562e-05,1336.1875,1.0625,668.3125,1.0625
233,234,0.007663130760192871,0.0007642507553100586,1336.1875,1.0625,668.3125,1.0625
234,235,0.007747769355773926,5.2094459533691406e-05,1340.1875,1.0625,664.3125,1.0625
235,236,0.0069391727447509766,0.00013399124145507812,1348.1875,1.0625,656.3125,1.0625
236,237,0.009658575057983398,0.0028820037841796875,1352.1875,1.0625,652.3125,1.0625
237,238,0.009432196617126465,0.0022548437118530273,1356.1875,1.0625,648.3125,1.0625
238,239,0.0069838762283325195,3.826618194580078e-05,1360.1875,1.0625,644.3125,1.0625
239,240,0.00885772705078125,0.0022666454315185547,1376.1875,1.0625,628.3125,1.0625
240,241,0.007762908935546875,0.0011627674102783203,1382.1875,1.0625,622.3125,1.0625
241,242,0.007891416549682617,0.0009419918060302734,1386.1875,1.0625,618.3125,1.0625
242,243,0.008875012397766113,0.0010148286819458008,1390.1875,1.0625,614.3125,1.0625
243,244,0.007199645042419434,1.990795135498047e-05,1398.1875,1.0625,606.3125,1.0625
244,245,0.009707212448120117,0.002490520477294922,1402.1875,1.0625,602.3125,1.0625
245,246,0.007966995239257812,0.0013654232025146484,1406.3125,1.1875,598.1875,1.1875
246,247,0.008229494094848633,0.0011889934539794922,1410.3125,1.1875,594.1875,1.1875
247,248,0.007331967353820801,0.0005935430526733398,1418.3125,1.1875,586.1875,1.1875
248,249,0.007767081260681152,0.0008302927017211914,1422.3125,1.1875,582.1875,1.1875
249,250,0.009026288986206055,0.001936197280883789,1426.3125,1.1875,578.1875,1.1875
250,251,0.007932066917419434,0.0009900331497192383,1430.3125,1.1875,574.1875,1.1875
251,252,0.007386684417724609,0.0002110004425048828,1438.3125,1.1875,566.1875,1.1875
252,253,0.007010817527770996,1.7881393432617188e-06,1442.3125,1.1875,562.1875,1.1875
253,254,0.006989002227783203,4.291534423828125e-05,1446.3125,1.1875,558.1875,1.1875
254,255,0.007018446922302246,0.00026214122772216797,1450.3125,1.1875,554.1875,1.1875
255,256,0.008450984954833984,0.001422882080078125,1450.3125,1.1875,554.1875,1.1875
256,257,0.007203817367553711,0.00011086463928222656,1470.3125,1.1875,534.1875,1.1875
257,258,0.010204076766967773,0.00232696533203125,1476.3125,1.1875,528.1875,1.1875
258,259,0.008308172225952148,0.0010256767272949219,1480.3125,1.1875,524.1875,1.1875
259,260,0.00799548625946045,0.0010737180709838867,1488.3125,1.1875,516.1875,1.1875
260,261,0.008017778396606445,0.0011296272277832031,1492.3125,1.1875,512.1875,1.1875
261,262,0.006871700286865234,4.00543212890625e-05,1496.3125,1.1875,508.1875,1.1875
262,263,0.007129192352294922,0.00028824806213378906,1500.3125,1.1875,504.1875,1.1875
263,264,0.007688760757446289,0.00011110305786132812,1508.3125,1.1875,496.1875,1.1875
264,265,0.007551908493041992,9.608268737792969e-05,1514.3125,1.1875,490.1875,1.1875
265,266,0.008361101150512695,0.0008614063262939453,1518.3125,1.1875,486.1875,1.1875
266,267,0.0071527957916259766,5.888938903808594e-05,1522.3125,1.1875,482.1875,1.1875
267,268,0.0073130130767822266,0.0002999305725097656,1530.3125,1.1875,474.1875,1.1875
268,269,0.00816655158996582,0.0006618499755859375,1534.3125,1.1875,470.1875,1.1875
269,270,0.0070819854736328125,1.6450881958007812e-05,1538.3125,1.1875,466.1875,1.1875
270,271,0.007397294044494629,0.00011074542999267578,1542.3125,1.1875,462.1875,1.1875
271,272,0.007900834083557129,8.761882781982422e-05,1558.3125,1.1875,446.1875,1.1875
272,273,0.009374737739562988,0.00044715404510498047,1564.3125,1.1875,440.1875,1.1875
273,274,0.007355093955993652,0.0001634359359741211,1568.3125,1.1875,436.1875,1.1875
274,275,0.008702635765075684,0.0011636018753051758,1572.3125,1.1875,432.1875,1.1875
275,276,0.01100170612335205,0.003466963768005371,1580.4375,1.0625,424.0625,1.0625
276,277,0.00758051872253418,0.00012445449829101562,1584.4375,1.0625,420.0625,1.0625
277,278,0.007550597190856934,2.396106719970703e-05,1588.4375,1.0625,416.0625,1.0625
278,279,0.008426785469055176,0.0009256601333618164,1600.4375,1.0625,404.0625,1.0625
279,280,0.007211208343505859,0.0002741813659667969,1604.4375,1.0625,400.0625,1.0625
280,281,0.007229208946228027,0.0002759695053100586,1608.4375,1.0625,396.0625,1.0625
281,282,0.008883833885192871,0.0014721155166625977,1612.4375,1.0625,392.0625,1.0625
282,283,0.007312655448913574,0.00014770030975341797,1620.4375,1.0625,384.0625,1.0625
283,284,0.00805211067199707,0.0006601810455322266,1624.4375,1.0625,380.0625,1.0625
284,285,0.008542776107788086,0.0015454292297363281,1628.4375,1.0625,376.0625,1.0625
285,286,0.007455706596374512,0.00039970874786376953,1632.4375,1.0625,372.0625,1.0625
286,287,0.007902979850769043,0.0008035898208618164,1648.4375,1.0625,356.0625,1.0625
287,288,0.009505033493041992,0.0023970603942871094,1654.4375,1.0625,350.0625,1.0625
288,289,0.00876319408416748,0.0016025304794311523,1662.4375,1.0625,342.0625,1.0625
289,290,0.0077593326568603516,2.47955322265625e-05,1670.4375,1.0625,334.0625,1.0625
290,291,0.007685661315917969,0.00021839141845703125,1674.4375,1.0625,330.0625,1.0625
291,292,0.009720683097839355,0.0018476247787475586,1678.4375,1.0625,326.0625,1.0625
292,293,0.008405923843383789,0.001169443130493164,1682.4375,1.0625,322.0625,1.0625
293,294,0.007637619972229004,8.52346420288086e-05,1690.4375,1.0625,314.0625,1.0625
