cuda
GeForce GTX 860M
Memory: 2004.5MB
,Dimension,EDSR Processing Time,Cropping time,Shifting Time,CUDA Cleanign Time
0,40.0,0.0768054723739624,0.0002351999282836914,0.09566211700439453,0.027622580528259277
1,41.0,0.10247588157653809,0.0003141164779663086,0.09257233142852783,0.027676701545715332
2,42.0,0.07901895046234131,0.00024044513702392578,0.10711467266082764,0.02762746810913086
3,43.0,0.08086073398590088,0.00026226043701171875,0.09797215461730957,0.024616360664367676
4,44.0,0.07942342758178711,0.00025784969329833984,0.0995638370513916,0.025010228157043457
5,45.0,0.08555591106414795,0.00031876564025878906,0.1139683723449707,0.023876070976257324
6,46.0,0.07898390293121338,0.00022614002227783203,0.09940683841705322,0.042565107345581055
7,47.0,0.05334782600402832,0.000148773193359375,0.07630395889282227,0.02355349063873291
8,48.0,0.045307278633117676,0.00013947486877441406,0.07858920097351074,0.0238649845123291
9,49.0,0.044695138931274414,0.00013244152069091797,0.10345339775085449,0.023673057556152344
10,50.0,0.04447472095489502,0.00014495849609375,0.09196293354034424,0.01996457576751709
11,51.0,0.0447080135345459,0.00012946128845214844,0.0939258337020874,0.01810610294342041
12,52.0,0.04481625556945801,0.00013947486877441406,0.09125792980194092,0.017693400382995605
13,53.0,0.045143723487854004,0.00014472007751464844,0.09897339344024658,0.018433094024658203
14,54.0,0.04809379577636719,0.00014448165893554688,0.083443284034729,0.01851356029510498
15,55.0,0.04591214656829834,0.00013077259063720703,0.08287382125854492,0.018215179443359375
16,56.0,0.044347167015075684,0.00013959407806396484,0.08255469799041748,0.018815279006958008
17,57.0,0.044791340827941895,0.00012993812561035156,0.09203743934631348,0.018866300582885742
18,58.0,0.04515945911407471,0.00013816356658935547,0.09043729305267334,0.019702434539794922
19,59.0,0.044319748878479004,0.00012373924255371094,0.0901026725769043,0.017911314964294434
20,60.0,0.021626591682434082,5.7816505432128906e-05,0.06704449653625488,0.007943391799926758
