cuda
Tesla T4
Memory: 15109.75MB
,Dimension,EDSR Processing Time,Cropping time,Shifting Time,CUDA Cleanign Time
0,40.0,7.918685078620911,0.02652585506439209,0.8439327478408813,2.173792004585266
1,72.0,1.3554446697235107,0.004490971565246582,0.7212247848510742,0.9242284297943115
2,104.0,0.5132369995117188,0.0015119314193725586,1.0272979736328125,0.5947792530059814
3,136.0,0.38333773612976074,0.0008674860000610352,1.1184638738632202,0.460080623626709
4,168.0,0.29865264892578125,0.0005239248275756836,1.134773850440979,0.35278940200805664
5,200.0,0.2794342041015625,0.00038635730743408203,1.1060471534729004,0.29612529277801514
6,232.0,0.2540781497955322,0.0002976655960083008,1.0822935104370117,0.24818098545074463
7,264.0,0.22979998588562012,0.0002658367156982422,1.114397406578064,0.2582995891571045
8,296.0,0.17581391334533691,0.00018870830535888672,1.1483560800552368,0.19177782535552979
9,328.0,0.15793192386627197,0.00018584728240966797,1.1635500192642212,0.19690072536468506
10,360.0,0.10523390769958496,0.00010228157043457031,1.161750316619873,0.12728500366210938
11,392.0,0.10500335693359375,0.00011456012725830078,1.172109603881836,0.13595294952392578
12,424.0,0.10300052165985107,0.0001049041748046875,1.1687419414520264,0.135329008102417
13,456.0,0.10010218620300293,0.0001131296157836914,1.1686142683029175,0.13889813423156738
14,488.0,0.0965651273727417,0.00010919570922851562,1.1854970455169678,0.14301574230194092
15,520.0,0.0883399248123169,0.00010716915130615234,1.1903345584869385,0.13957154750823975
16,552.0,0.04892086982727051,5.435943603515625e-05,1.2181779146194458,0.06601119041442871
17,584.0,0.04784190654754639,4.8995018005371094e-05,1.205549716949463,0.06896460056304932
18,616.0,0.04934728145599365,4.9233436584472656e-05,1.2094390392303467,0.07078289985656738
19,648.0,0.048611998558044434,4.9114227294921875e-05,1.2283475399017334,0.07501423358917236
20,680.0,0.047484517097473145,6.115436553955078e-05,1.213853120803833,0.07620680332183838
21,712.0,0.04656505584716797,5.7816505432128906e-05,1.2231658697128296,0.07920217514038086
22,744.0,0.04592084884643555,4.887580871582031e-05,1.2094730138778687,0.08028531074523926
23,776.0,0.049463629722595215,5.0902366638183594e-05,1.2314989566802979,0.08272147178649902
24,808.0,0.046155691146850586,4.875659942626953e-05,1.2293503284454346,0.08882522583007812
25,840.0,0.042493462562561035,4.601478576660156e-05,1.2223914861679077,0.09170925617218018
26,872.0,0.0414806604385376,4.458427429199219e-05,1.2145317792892456,0.09373211860656738
27,904.0,0.039586782455444336,4.7087669372558594e-05,1.2267494201660156,0.09530878067016602
28,936.0,0.03992581367492676,4.5299530029296875e-05,1.235012412071228,0.09573566913604736
29,968.0,0.03676283359527588,6.318092346191406e-05,1.222112774848938,0.09979617595672607
30,1000.0,0.03423333168029785,4.7326087951660156e-05,1.2245376110076904,0.09813416004180908
